装备名称	休闲站立	休息坐	空手待击	单手待击	双手待击	空手跑步	单手跑步	双手跑步	空手攻击	单手攻击	双手攻击	空手受伤	单手受伤	双手受伤	死亡	奉上	骑马空手待击	骑马单手待击	骑马双手待击	骑马空手跑步	骑马单手跑步	骑马双手跑步	骑马空手攻击	骑马单手攻击	骑马双手攻击	骑马空手受伤	骑马单手受伤	骑马双手受伤	骑马死亡	骑马奉上
坐骑1																														
坐骑2																														
坐骑3																														
坐骑4																														
坐骑5																	40,8,50	40,8,50	40,8,50	88,8,50	88,8,50	88,8,50	88,8,50	88,8,50	88,8,50	40,8,50	40,8,50	40,8,50		
坐骑6																	40,8,100	40,8,100	40,8,100	88,8,100	88,8,100	88,8,100	88,8,100	88,8,100	88,8,100	40,8,100	40,8,100	40,8,100		
坐骑7																	40,8,1	40,8,1	40,8,1	88,8,1	88,8,1	88,8,1	88,8,1	88,8,1	88,8,1	40,8,1	40,8,1	40,8,1		
坐骑8																														
坐骑9																														
坐骑10																														
坐骑11																	40,8,100	40,8,100	40,8,100	88,8,100	88,8,100	88,8,100	88,8,100	88,8,100	88,8,100	40,8,100	40,8,100	40,8,100		
坐骑12																	40,8,100	40,8,100	40,8,100	88,8,100	88,8,100	88,8,100	88,8,100	88,8,100	88,8,100	40,8,100	40,8,100	40,8,100		
