[DEFAULT]
Dir1=-1,14,13,12,9,3,7,6,0,1
Dir2=-1,14,13,12,9,3,7,6,0,1
Dir3=-1,14,13,12,9,3,7,6,0,1
Dir4=-1,14,13,12,9,3,7,6,0,1
Dir5=-1,14,13,12,9,3,7,6,0,1
Dir6=-1,14,13,12,9,3,7,6,0,1
Dir7=-1,14,13,12,9,3,7,6,0,1
Dir8=-1,14,13,12,9,3,7,6,0,1
Dir9=-1,14,13,12,9,3,7,6,0,1
Dir10=-1,14,13,12,9,3,7,6,0,1
Dir11=-1,14,13,12,9,3,7,6,0,1
Dir12=-1,14,13,12,9,3,7,6,0,1
Dir13=-1,14,13,12,9,3,7,6,0,1
Dir14=-1,14,13,12,9,3,7,6,0,1
Dir15=-1,14,13,12,9,3,7,6,0,1
Dir16=-1,14,13,12,9,3,7,6,0,1
UnitNum=11
DirNum=18

[单手跑步]
Dir3=-1,13,12,9,6,7,3,0,1,
Dir5=-1,13,12,9,6,3,7,0,1,
Dir4=-1,13,12,9,6,7,3,0,1,
Dir2=-1,13,12,9,6,7,1,3,0,
Dir1=-1,13,12,9,6,7,1,3,0,
Dir8=-1,14,13,12,9,3,7,6,1,0,

[单手待击]
Dir5=-1,13,12,9,6,3,7,0,1,
Dir4=-1,13,12,9,6,3,7,0,1,
Dir3=-1,13,12,9,6,7,3,0,1,
Dir2=-1,13,12,9,6,7,3,1,0,
Dir1=-1,14,13,12,9,7,3,6,1,0,
Dir8=-1,14,13,12,9,3,7,6,1,0,

[单手攻击]
Dir5=-1,13,12,9,6,7,3,0,1,
Dir4=-1,13,12,9,6,7,3,0,1,
Dir3=-1,13,12,9,6,7,3,1,0,
Dir2=-1,13,12,9,6,7,3,1,0,
Dir1=-1,14,13,12,9,3,7,6,1,0,
Dir8=-1,14,13,12,9,3,7,6,1,0,
Dir7=-1,14,13,12,9,3,7,6,1,0,
Line1=0,14,13,12,9,7,3,6,1,0
Line2=44,13,12,9,6,3,7,0,1
Line3=1,14,13,12,9,7,3,6,1,0
Line4=2,14,13,12,9,7,3,6,1,0
Line5=3,14,13,12,9,7,3,6,1,0
Line6=45,13,12,9,6,3,7,0,1
Line7=46,13,12,9,6,3,7,0,1
Line8=47,13,12,9,6,3,7,0,1

[单手受伤]
Dir5=-1,13,12,9,6,3,7,0,1,
Dir4=-1,13,12,9,6,7,3,0,1,
Dir3=-1,13,12,9,6,7,3,0,1,
Dir2=-1,13,12,9,6,7,3,1,0,
Dir1=-1,14,13,12,9,7,3,6,1,0,
Dir8=-1,14,13,12,9,3,7,6,1,0,

[骑马空手待击]
Dir7=-1,12,9,3,7,6,13,14,1,0,
Dir6=-1,9,3,7,6,12,13,14,0,1,
Dir5=-1,9,3,7,6,12,13,14,0,1,
Dir4=-1,9,3,7,6,12,13,14,0,1,
Dir3=-1,14,9,7,6,3,12,13,1,0,
Dir1=-1,14,13,12,9,3,7,6,1,0,
Dir8=-1,14,13,12,9,3,7,6,1,0,
Dir2=-1,14,13,12,9,3,7,6,1,0,
Line1=38,12,13,9,3,7,6,14,1,0
Line2=8,14,13,9,3,7,6,12,1,0

[骑马空手跑步]
Dir7=-1,12,9,6,3,7,13,14,1,0,
Dir6=-1,9,3,7,6,12,13,14,0,1,
Dir5=-1,9,3,7,6,12,13,14,0,1,
Dir4=-1,9,3,7,6,12,13,14,0,1,
Dir3=-1,14,9,6,7,3,13,12,1,0,
Line1=11,14,12,9,7,3,6,13,0,1
Dir1=-1,14,13,12,9,3,7,6,1,0,
Dir8=-1,14,13,12,9,3,7,6,1,0,
Dir2=-1,14,13,12,9,3,7,6,1,0,
Line2=84,13,12,9,3,14,7,6,1,0
Line3=85,13,12,9,3,7,6,14,1,0
Line4=83,13,12,9,3,7,6,1,14,0
Line5=17,14,13,9,3,12,7,6,1,0
Line6=18,14,13,9,3,7,6,12,1,0
Line7=19,14,13,9,3,7,6,12,1,0

[骑马空手受伤]
Dir7=-1,12,9,3,7,6,13,14,1,0,
Dir6=-1,9,3,7,6,13,12,14,0,1,
Dir5=-1,9,3,7,6,12,13,14,0,1,
Dir4=-1,9,3,7,6,12,13,14,0,1,
Dir3=-1,14,9,7,3,6,13,12,1,0,
Dir1=-1,14,13,12,9,3,7,6,1,0,
Dir8=-1,13,14,12,9,3,7,6,1,0,
Dir2=-1,14,13,12,9,3,7,6,1,0,

[骑马单手待击]
Dir8=-1,14,13,12,9,3,6,1,0,7,
Dir7=-1,12,9,3,7,6,13,14,1,0,
Dir6=-1,9,3,7,6,12,13,14,0,1,
Dir5=-1,9,3,7,6,12,13,14,0,1,
Dir4=-1,9,7,3,6,12,13,14,0,1,
Dir3=-1,14,9,7,3,6,13,12,1,0,
Dir2=-1,14,13,12,9,7,3,6,1,0,
Dir1=-1,14,13,12,9,3,7,6,1,0,
Line1=8,14,13,9,7,3,12,6,1,0
Line2=38,13,12,9,3,14,6,1,0,7

[骑马单手跑步]
Dir8=-1,14,13,12,9,3,6,1,0,7,
Dir7=-1,12,9,3,7,6,13,14,1,0,
Dir6=-1,9,3,7,6,12,13,14,0,1,
Dir5=-1,9,3,7,6,12,13,14,0,1,
Dir4=-1,9,7,3,6,12,13,14,0,1,
Dir3=-1,14,9,7,3,6,13,12,1,0,
Dir2=-1,14,13,12,9,7,3,6,1,0,
Dir1=-1,14,13,12,9,3,7,6,1,0,
Line1=83,13,12,9,3,14,6,1,0,7
Line2=84,13,12,9,3,6,14,1,0,7
Line3=85,13,12,9,3,6,14,1,0,7
Line4=17,14,13,9,7,3,6,12,1,0
Line5=18,14,13,9,7,3,6,12,1,0
Line6=19,14,13,9,7,3,6,12,1,0

[骑马单手攻击]
Dir8=-1,12,14,13,9,3,6,1,0,7,
Dir7=-1,12,9,3,7,6,13,14,1,0,
Dir6=-1,9,3,7,6,12,13,14,0,1,
Dir5=-1,9,3,7,6,12,13,14,0,1,
Dir4=-1,9,7,3,6,12,13,14,0,1,
Dir3=-1,14,9,7,3,6,13,12,1,0,
Dir2=-1,14,13,12,9,7,3,6,1,0,
Dir1=-1,14,13,12,9,3,7,6,1,0,
Line1=83,12,13,9,3,6,1,14,0,7
Line2=84,12,13,9,3,6,1,14,0,7
Line3=17,14,13,9,7,3,6,12,1,0
Line4=18,14,13,9,7,3,6,12,1,0
Line5=19,14,13,9,7,3,6,12,1,0

[骑马单手受伤]
Dir8=-1,14,13,12,9,3,6,1,0,7,
Dir7=-1,12,9,3,7,6,13,14,1,0,
Dir6=-1,9,3,7,6,13,14,12,0,1,
Dir5=-1,9,3,7,6,13,12,14,0,1,
Dir4=-1,9,7,3,6,12,13,14,0,1,
Dir3=-1,14,9,7,3,6,12,13,1,0,
Dir2=-1,14,13,12,9,7,3,6,1,0,
Dir1=-1,14,13,12,9,3,7,6,1,0,

[休闲站立]
Dir1=-1,14,13,12,9,3,7,6,1,0,
Dir8=-1,14,13,12,9,3,7,6,1,0,
Dir2=-1,14,13,12,9,3,7,6,1,0,
Dir7=-1,14,13,12,9,3,7,6,1,0,
Dir3=-1,14,13,12,9,3,7,6,1,0,

[休息坐]
Dir1=-1,14,13,12,9,3,7,6,1,0,
Dir8=-1,14,13,12,9,3,7,6,1,0,
Dir2=-1,14,13,12,9,3,7,6,1,0,
Dir7=-1,14,13,12,9,3,7,6,1,0,
Dir3=-1,14,13,12,9,3,7,6,1,0,

[空手待击]
Dir1=-1,14,13,12,9,3,7,6,1,0,
Dir8=-1,14,13,12,9,3,7,6,1,0,
Dir2=-1,14,13,12,9,3,7,6,1,0,
Dir7=-1,14,13,12,9,3,7,6,1,0,
Dir3=-1,14,13,12,9,3,7,6,1,0,

[空手跑步]
Dir1=-1,14,13,12,9,3,7,6,1,0,
Dir8=-1,14,13,12,9,3,7,6,1,0,
Dir7=-1,14,13,12,9,3,7,6,1,0,
Dir2=-1,14,13,12,9,3,7,6,1,0,
Dir3=-1,14,13,12,9,3,7,6,1,0,

[空手受伤]
Dir1=-1,14,13,12,9,7,3,6,1,0,
Dir8=-1,14,13,12,9,3,7,6,1,0,
Dir7=-1,14,13,12,9,3,7,6,1,0,
Dir2=-1,14,13,12,9,3,7,6,1,0,
Dir3=-1,14,13,12,9,3,7,6,1,0,

[骑马空手攻击]
Dir7=-1,13,12,9,3,14,7,6,1,0,
Dir6=-1,9,3,7,6,12,13,14,0,1,
Dir5=-1,13,9,3,7,6,12,14,0,1,
Dir4=-1,13,9,3,7,6,12,14,0,1,
Dir3=-1,14,13,9,3,7,6,12,1,0,
Dir1=-1,14,13,12,9,3,7,6,1,0,
Dir8=-1,14,13,12,9,3,7,6,1,0,
Dir2=-1,14,13,12,9,3,7,6,1,0,
Line1=83,12,13,9,3,7,6,14,1,0
Line2=84,13,12,9,3,7,6,14,1,0
Line3=17,14,13,9,3,7,6,12,1,0
Line4=18,14,13,9,3,7,6,12,1,0

