[DEFAULT]
Dir1=-1,14,13,12,9,6,3,7,0,1
Dir2=-1,14,13,12,9,6,3,7,0,1
Dir3=-1,14,13,12,9,6,3,7,0,1
Dir4=-1,14,13,12,9,6,3,7,0,1
Dir5=-1,14,13,12,9,6,3,7,0,1
Dir6=-1,14,13,12,9,6,3,7,0,1
Dir7=-1,14,13,12,9,6,3,7,0,1
Dir8=-1,14,13,12,9,6,3,7,0,1
Dir9=-1,14,13,12,9,6,3,7,0,1
Dir10=-1,14,13,12,9,6,3,7,0,1
Dir11=-1,14,13,12,9,6,3,7,0,1
Dir12=-1,14,13,12,9,6,3,7,0,1
Dir13=-1,14,13,12,9,6,3,7,0,1
Dir14=-1,14,13,12,9,6,3,7,0,1
Dir15=-1,14,13,12,9,6,3,7,0,1
Dir16=-1,14,13,12,9,6,3,7,0,1
UnitNum=11
DirNum=18

[单手跑步]
Dir1=-1,13,12,9,6,1,7,3,0,
Dir8=-1,13,12,9,6,1,3,7,0,
Dir5=-1,13,12,6,7,3,9,0,1,
Dir4=-1,13,12,6,7,3,9,0,1,
Dir3=-1,13,12,6,7,1,3,9,0,
Dir2=-1,13,12,6,7,1,3,9,0,
Dir7=-1,14,13,12,6,1,3,7,9,0,
Dir6=-1,14,13,12,6,3,7,9,0,1,

[休闲站立]
Dir1=-1,13,12,9,6,7,1,0,3,
Dir8=-1,13,12,9,6,3,1,7,0,
Dir2=-1,13,12,6,1,3,7,9,0,
Dir6=-1,14,13,12,6,3,7,9,0,1,
Dir5=-1,14,13,12,6,3,7,9,0,1,
Dir4=-1,14,13,12,6,3,7,9,0,1,
Dir3=-1,14,13,12,6,3,7,9,0,1,
Dir7=-1,14,13,12,9,6,1,3,7,0,

[休息坐]
Dir1=-1,13,12,9,6,1,3,7,0,
Dir8=-1,13,12,9,6,3,7,1,0,
Dir2=-1,13,12,9,6,1,3,7,0,
Dir7=-1,14,13,12,6,3,7,9,0,1,
Dir6=-1,14,13,12,6,3,7,9,0,1,
Dir5=-1,14,13,12,6,3,7,9,0,1,
Dir4=-1,14,13,12,6,3,7,9,0,1,
Dir3=-1,14,13,12,6,3,7,9,0,1,

[空手待击]
Dir2=-1,13,12,6,1,7,3,9,0,
Dir8=-1,13,12,9,6,1,3,7,0,
Dir1=-1,13,12,9,6,1,3,7,0,
Dir7=-1,13,12,9,6,3,7,1,0,
Dir6=-1,14,13,12,6,3,7,9,0,1,
Dir5=-1,14,13,12,6,3,7,9,0,1,
Dir4=-1,14,13,12,6,3,7,9,0,1,
Dir3=-1,14,13,12,6,3,7,9,0,1,

[空手跑步]
Dir1=-1,13,12,9,6,1,3,7,0,
Dir8=-1,13,12,6,3,7,9,1,0,
Dir2=-1,13,12,6,1,3,7,9,0,
Dir7=-1,14,13,12,6,3,7,9,0,1,
Dir6=-1,14,13,12,6,3,7,9,0,1,
Dir5=-1,14,13,12,6,3,7,9,0,1,
Dir4=-1,14,13,12,6,3,7,9,0,1,
Dir3=-1,14,13,12,6,3,7,9,0,1,

[空手攻击]
Dir1=-1,13,12,9,6,1,3,7,0,
Dir8=-1,13,12,9,6,3,7,1,0,
Dir2=-1,13,12,9,6,3,7,1,0,

[空手受伤]
Dir1=-1,13,12,9,6,1,3,7,0,
Dir8=-1,13,12,9,6,1,3,7,0,
Dir2=-1,13,12,6,1,3,7,9,0,
Dir6=-1,14,13,12,6,3,7,9,0,1,
Dir5=-1,14,13,12,6,3,7,9,0,1,
Dir4=-1,14,13,12,6,3,7,9,0,1,
Dir3=-1,14,13,12,6,3,7,9,0,1,

[死亡]
Dir1=-1,13,12,9,6,1,3,7,0,
Dir8=-1,13,12,9,6,1,3,7,0,
Dir3=-1,13,12,9,6,1,3,7,0,
Dir2=-1,13,12,9,6,1,3,7,0,

[单手待击]
Dir1=-1,13,12,9,6,1,7,3,0,
Dir8=-1,13,12,9,6,1,7,3,0,
Dir2=-1,13,12,6,1,7,3,9,0,
Dir3=-1,13,12,6,7,3,9,0,1,
Dir4=-1,13,12,6,7,3,9,0,1,
Dir6=-1,14,13,12,6,3,7,9,0,1,
Dir5=-1,14,13,12,6,3,7,9,0,1,

[单手攻击]
Dir1=-1,13,12,9,6,1,3,7,0,
Dir8=-1,13,12,6,1,9,3,7,0,
Dir6=-1,13,12,6,3,9,0,1,7,
Dir7=-1,13,12,6,7,9,3,1,0,
Dir4=-1,13,12,6,7,3,9,0,1,
Dir3=-1,13,12,6,7,3,9,0,1,
Dir2=-1,13,12,6,7,1,3,9,0,
Dir5=-1,13,12,6,3,7,9,0,1,
Line1=38,13,12,6,3,9,0,1,7
Line2=39,13,12,6,3,9,0,1,7
Line3=28,13,12,6,3,9,0,1,7
Line4=29,13,12,6,3,9,0,1,7
Line5=26,13,12,6,3,9,0,1,7
Line6=27,13,12,6,3,9,0,1,7
Line7=14,13,12,6,1,9,3,7,0
Line8=15,13,12,6,1,9,3,0,7
Line9=16,13,12,6,1,9,3,0,7
Line10=17,13,12,6,1,9,3,0,7
Line11=18,13,12,6,1,9,3,0,7
Line12=19,13,12,6,7,9,3,0,1
Line13=20,13,12,6,7,9,3,0,1
Line14=21,13,12,6,7,9,3,0,1
Line15=11,13,12,6,7,3,9,0,1
Line16=12,13,12,6,7,3,9,0,1
Line18=82,13,12,6,1,9,3,0,7
Line17=82,13,12,7,6,1,3,9,0
Line19=83,13,12,6,7,3,9,1,0
Line20=84,13,12,6,1,3,9,7,0
Line21=71,13,12,6,7,1,3,9,0
Line22=69,13,12,6,7,3,9,1,0
Line23=70,13,12,6,7,3,9,1,0
Line24=72,13,12,6,7,3,9,1,0
Line25=73,13,12,6,7,3,9,1,0
Line26=75,13,12,6,7,9,1,3,0
Line27=76,13,12,6,7,9,1,3,0
Line28=66,13,12,6,7,9,1,3,0
Line29=67,13,12,6,7,9,1,3,0
Line30=68,13,12,6,9,1,3,0,7
Line31=81,13,12,6,1,3,9,7,0
Line32=61,13,12,7,6,3,9,0,1
Line33=62,13,7,12,6,3,9,0,1
Line34=51,13,12,6,7,3,9,0,1
Line35=50,13,12,6,7,3,9,0,1
Line36=49,13,12,6,7,3,9,0,1
Line37=37,13,12,6,3,7,9,0,1

[单手受伤]
Dir1=-1,13,12,9,6,1,7,3,0,
Dir8=-1,13,12,9,6,1,3,7,0,
Dir3=-1,13,12,6,7,3,9,0,1,
Line1=6,13,12,9,6,1,7,3,0
Dir2=-1,13,12,9,6,7,1,3,0,
Dir5=-1,13,12,6,3,9,0,1,7,
Dir4=-1,13,12,6,3,9,0,1,7,
Dir7=-1,14,13,12,9,6,1,3,7,0,
Dir6=-1,14,13,12,6,3,7,9,0,1,

[双手待击]
Dir1=-1,13,12,9,1,7,3,6,0,
Dir8=-1,13,12,9,6,1,7,3,0,
Dir6=-1,13,12,6,3,9,0,1,7,
Dir5=-1,13,12,6,3,9,0,1,7,
Dir4=-1,13,12,6,3,7,9,0,1,
Dir2=-1,13,12,7,3,6,9,1,0,
Dir3=-1,13,12,6,7,3,9,0,1,
Dir7=-1,14,13,12,9,6,1,3,7,0,

[双手跑步]
Dir1=-1,13,12,9,6,7,1,3,0,
Dir8=-1,13,12,9,6,7,1,3,0,
Dir4=-1,13,12,6,3,7,9,0,1,
Dir3=-1,13,12,6,7,3,0,1,9,
Dir2=-1,13,12,6,7,3,9,1,0,
Dir7=-1,14,13,12,6,3,9,0,1,7,
Dir6=-1,14,13,12,6,3,9,0,1,7,
Dir5=-1,14,13,12,6,3,0,1,7,9,
Line1=16,13,12,6,7,9,3,1,0
Line2=17,13,12,6,7,9,3,1,0
Line3=18,13,12,6,7,9,3,1,0
Line4=14,13,12,6,7,9,3,1,0
Line5=15,13,12,6,7,9,3,1,0

[双手攻击]
Dir1=-1,13,12,9,1,7,3,6,0,
Dir8=-1,13,12,9,1,7,3,6,0,
Dir3=-1,13,12,7,3,9,6,0,1,
Dir2=-1,13,12,9,3,7,6,1,0,
Dir7=-1,13,12,3,9,7,6,1,0,
Dir6=-1,13,12,7,3,9,6,0,1,
Dir4=-1,13,12,9,3,6,7,0,1,
Line56=76,13,12,7,9,3,6,0,1
Line1=71,13,12,7,3,9,6,1,0
Line2=72,13,12,7,3,9,6,1,0
Line3=73,13,12,7,3,9,6,1,0
Line4=74,13,12,7,3,9,6,1,0
Line6=76,13,12,3,7,9,6,1,0
Line5=76,13,12,3,7,9,6,1,0
Line7=66,13,12,9,3,7,6,1,0
Line9=55,13,7,12,3,9,6,0,1
Line8=55,13,12,3,9,7,6,0,1
Line10=56,13,12,9,3,7,6,0,1
Line11=58,13,12,3,9,7,6,0,1
Line13=59,13,12,7,3,6,9,0,1
Line12=59,13,12,3,9,6,7,0,1
Line14=61,13,12,7,9,6,3,0,1
Line15=57,13,12,9,7,3,6,0,1
Dir5=-1,14,13,12,6,7,3,9,0,1,
Line16=44,14,13,12,6,3,7,9,0,1
Line17=45,14,13,12,6,3,7,9,0,1
Line18=47,14,13,12,6,3,7,9,0,1
Line19=50,14,13,12,6,7,9,3,0,1
Line21=52,14,13,12,6,7,9,3,0,1
Line20=52,14,13,12,6,9,3,7,0,1
Line22=53,14,13,12,6,9,3,7,0,1
Line23=38,13,12,9,3,6,0,1,7
Line24=40,13,12,9,1,3,6,7,0
Line25=41,13,12,9,1,3,6,7,0
Line26=42,13,12,9,1,3,6,7,0
Line27=33,13,12,3,6,9,7,0,1
Line28=35,13,12,3,9,6,7,0,1
Line30=34,13,9,12,3,6,7,0,1
Line29=34,13,12,3,9,6,7,0,1
Line31=36,13,12,7,3,9,6,0,1
Line32=37,13,12,7,3,9,6,0,1
Line33=31,13,12,9,1,3,7,6,0
Line34=32,13,12,9,7,1,3,6,0
Line35=24,13,12,3,9,7,6,0,1
Line36=25,13,12,7,9,3,6,0,1
Line37=26,13,12,7,9,1,3,6,0
Line38=27,13,12,9,1,3,6,0,7
Line39=28,13,12,1,9,3,6,7,0
Line40=29,13,12,9,1,3,7,6,0
Line41=30,13,12,1,9,3,6,7,0
Line42=23,13,12,3,9,6,7,0,1
Line43=21,13,12,9,1,3,7,6,0
Line44=11,13,12,7,9,1,3,6,0
Line45=12,13,12,7,1,9,3,6,0
Line46=13,13,12,7,9,3,6,1,0
Line47=14,13,12,9,7,1,3,6,0
Line48=15,13,12,9,7,1,3,6,0
Line49=16,13,12,9,1,3,7,6,0
Line50=17,13,12,3,9,7,6,1,0
Line51=10,13,12,9,1,3,7,6,0
Line52=4,13,12,9,1,3,7,6,0
Line53=5,13,12,1,3,9,7,6,0
Line54=6,13,12,7,3,9,6,1,0
Line55=7,13,12,7,3,9,6,1,0
Line57=8,13,12,3,7,6,9,1,0
Line59=85,13,12,9,7,1,3,6,0
Line58=85,13,12,7,3,9,6,1,0
Line60=86,13,12,7,3,9,6,1,0
Line61=87,13,12,9,3,7,6,1,0
Line62=80,13,12,9,1,3,7,6,0
Line63=81,13,12,1,3,9,7,6,0
Line64=82,13,12,1,3,7,9,6,0
Line65=83,13,12,1,7,3,9,6,0
Line66=84,13,12,7,3,9,6,1,0
Line67=51,14,13,12,6,9,3,7,0,1
Line68=75,13,12,3,7,9,1,0

[双手受伤]
Dir1=-1,13,12,6,1,7,9,3,0,
Dir8=-1,13,12,9,6,1,7,3,0,
Dir6=-1,13,12,6,3,9,7,0,1,
Dir5=-1,13,12,6,3,9,7,0,1,
Dir4=-1,13,12,6,3,9,7,0,1,
Dir3=-1,13,12,6,7,3,9,0,1,
Dir2=-1,13,12,6,1,7,9,3,0,

[骑马空手待击]
Dir1=-1,14,13,9,6,1,0,3,7,12,
Dir8=-1,14,13,9,6,3,7,12,1,0,
Dir6=-1,13,12,6,3,7,14,9,0,1,
Dir5=-1,13,12,6,3,7,14,9,0,1,
Dir4=-1,13,12,6,3,7,14,9,0,1,
Dir2=-1,14,13,9,6,3,7,12,1,0,
Dir3=-1,14,13,12,6,3,7,9,0,1,
Dir7=-1,14,13,12,6,3,7,9,0,1,

[骑马空手跑步]
Dir1=-1,14,13,9,6,1,3,7,12,0,
Dir8=-1,14,13,9,6,1,3,7,12,0,
Dir6=-1,13,12,6,3,7,14,9,0,1,
Dir5=-1,13,12,6,3,7,14,9,0,1,
Dir4=-1,13,12,6,3,7,9,14,0,1,
Dir2=-1,14,13,9,6,1,3,7,12,0,
Dir7=-1,14,13,12,6,1,3,9,7,0,
Dir3=-1,14,13,12,6,3,9,7,1,0,

[骑马空手攻击]
Dir1=-1,14,13,9,6,1,3,0,7,12,
Dir8=-1,14,13,9,6,1,3,7,12,0,
Dir2=-1,14,13,9,6,1,3,7,12,0,
Dir6=-1,13,12,9,6,3,7,14,0,1,
Dir5=-1,13,12,9,6,3,7,14,0,1,
Dir4=-1,13,12,9,6,3,7,14,0,1,
Dir7=-1,14,13,12,9,6,1,3,7,0,
Dir3=-1,14,13,12,9,6,1,3,7,0,

[骑马空手受伤]
Dir1=-1,14,13,9,6,1,3,0,7,12,
Dir8=-1,14,13,9,6,1,3,7,12,0,
Dir2=-1,14,13,9,6,1,3,7,12,0,
Dir4=-1,13,12,6,3,7,14,9,0,1,
Dir5=-1,13,12,6,3,7,14,0,9,1,
Dir6=-1,13,12,6,3,7,14,0,9,1,
Dir7=-1,14,13,12,6,1,3,9,7,0,
Dir3=-1,14,13,12,6,1,3,9,7,0,

[骑马单手待击]
Dir1=-1,14,13,9,6,1,3,0,7,12,
Dir8=-1,14,13,9,6,1,3,7,12,0,
Dir2=-1,7,14,13,9,6,1,3,12,0,
Dir6=-1,13,12,6,3,7,14,9,0,1,
Dir5=-1,13,12,6,3,7,14,9,0,1,
Dir4=-1,13,12,6,3,7,14,9,0,1,
Dir3=-1,7,14,13,12,6,1,3,9,0,
Dir7=-1,14,13,12,9,6,1,3,7,0,

[骑马单手跑步]
Dir1=-1,14,13,9,6,1,3,0,7,12,
Dir8=-1,14,13,9,6,1,3,7,12,0,
Dir2=-1,7,14,13,9,6,1,3,12,0,
Dir6=-1,13,12,6,3,7,14,9,0,1,
Dir5=-1,13,12,6,3,7,14,9,0,1,
Dir4=-1,7,13,12,6,3,9,14,0,1,
Dir3=-1,7,14,13,12,6,1,3,9,0,
Dir7=-1,14,13,12,6,1,3,9,7,0,

[骑马单手攻击]
Dir1=-1,14,13,9,6,1,3,7,12,0,
Dir8=-1,14,13,9,6,1,3,7,12,0,
Dir2=-1,7,14,13,9,6,1,3,12,0,
Dir6=-1,13,12,6,3,7,9,0,1,14,
Dir5=-1,13,12,6,3,7,14,9,0,1,
Dir4=-1,7,13,12,6,3,14,9,0,1,
Dir3=-1,7,14,13,12,6,1,3,9,0,
Dir7=-1,14,13,12,6,1,3,9,7,0,
Line1=83,14,13,9,6,1,3,12,7,0

[骑马单手受伤]
Dir1=-1,14,13,9,6,1,3,0,7,12,
Dir8=-1,14,13,9,6,1,3,7,12,0,
Dir2=-1,7,14,13,9,6,1,3,12,0,
Dir3=-1,7,14,13,12,6,1,3,9,0,
Dir6=-1,13,12,6,3,7,14,9,0,1,
Dir5=-1,13,12,6,3,7,14,9,0,1,
Dir4=-1,7,13,12,6,3,14,9,0,1,
Dir7=-1,14,13,12,6,1,3,9,7,0,

[骑马双手待击]
Dir1=-1,7,14,13,9,6,1,3,0,12,
Dir8=-1,14,13,9,6,1,3,7,12,0,
Dir6=-1,13,12,6,3,7,14,9,0,1,
Dir5=-1,13,12,6,3,7,14,9,0,1,
Dir4=-1,13,12,6,3,7,14,9,0,1,
Dir2=-1,7,14,13,9,6,1,3,12,0,
Dir3=-1,7,14,13,12,6,1,3,9,0,
Dir7=-1,14,13,12,9,6,1,3,7,0,

[骑马双手跑步]
Dir1=-1,7,14,13,9,6,1,3,12,0,
Dir8=-1,14,13,9,6,1,3,12,0,7,
Dir2=-1,7,14,13,9,6,1,3,12,0,
Dir6=-1,13,12,6,3,14,9,7,0,1,
Dir5=-1,13,12,6,3,14,9,7,0,1,
Dir4=-1,7,13,12,6,3,9,14,0,1,
Dir3=-1,7,14,13,12,6,1,3,9,0,
Dir7=-1,14,13,12,6,1,3,9,7,0,

[骑马双手攻击]
Dir1=-1,9,14,13,6,7,1,3,0,12,
Dir8=-1,14,13,9,6,1,3,12,0,7,
Dir2=-1,7,14,13,9,6,1,3,12,0,
Dir6=-1,13,12,6,3,14,9,0,1,7,
Dir5=-1,13,12,6,3,14,9,0,1,7,
Dir4=-1,7,13,12,6,3,14,9,0,1,
Dir3=-1,7,14,13,12,9,6,1,3,0,
Dir7=-1,14,13,12,6,3,9,7,1,0,
Line1=4,9,14,13,6,1,3,0,12,7
Line2=5,9,14,13,6,1,3,0,12,7
Line4=80,14,13,9,6,1,3,12,7,0
Line3=78,14,13,9,6,1,7,3,12,0
Line5=79,14,13,9,6,1,7,3,12,0
Line6=48,13,12,6,7,3,14,9,0,1
Line7=49,13,12,6,7,3,14,9,0,1
Line9=71,14,13,12,6,3,7,9,1,0
Line8=71,14,13,12,6,3,9,1,0,7

[骑马双手受伤]
Dir1=-1,14,13,9,6,7,1,3,0,12,
Dir8=-1,14,13,9,6,1,3,12,0,7,
Dir2=-1,7,14,13,9,6,1,3,12,0,
Dir6=-1,13,12,6,3,7,14,9,0,1,
Dir5=-1,13,12,6,3,14,9,7,0,1,
Dir4=-1,7,13,12,6,3,14,9,0,1,
Dir3=-1,7,14,13,12,6,1,3,9,0,
Dir7=-1,14,13,12,6,1,3,9,7,0,

