编号	孔位	备注
1	0	一号孔打任意位置
2	0	一号孔打任意位置
3	0	一号孔打任意位置
4	0	一号孔打任意位置
5	0	一号孔打任意位置
6	0	一号孔打任意位置
7	0	一号孔打任意位置
8	0	一号孔打任意位置
9	0	一号孔打任意位置
10	0	一号孔打任意位置
11	0	一号孔打任意位置
12	0	一号孔打任意位置
13	1	二号孔打任意位置
14	1	二号孔打任意位置
15	1	二号孔打任意位置
16	1	二号孔打任意位置
17	1	二号孔打任意位置
18	1	二号孔打任意位置
19	1	二号孔打任意位置
20	1	二号孔打任意位置
21	1	二号孔打任意位置
22	1	二号孔打任意位置
23	1	二号孔打任意位置
24	1	二号孔打任意位置
25	2	三号孔打任意位置
26	2	三号孔打任意位置
27	2	三号孔打任意位置
28	2	三号孔打任意位置
29	2	三号孔打任意位置
30	2	三号孔打任意位置
31	2	三号孔打任意位置
32	2	三号孔打任意位置
33	2	三号孔打任意位置
34	2	三号孔打任意位置
35	2	三号孔打任意位置
36	2	三号孔打任意位置
37	3	四号孔打任意位置
38	3	四号孔打任意位置
39	3	四号孔打任意位置
40	3	四号孔打任意位置
41	3	四号孔打任意位置
42	3	四号孔打任意位置
43	3	四号孔打任意位置
44	3	四号孔打任意位置
45	3	四号孔打任意位置
46	3	四号孔打任意位置
47	3	四号孔打任意位置
48	3	四号孔打任意位置
49	0	一号孔打任意位置
50	0	一号孔打任意位置
51	1	二号孔打任意位置
52	1	二号孔打任意位置
53	2	三号孔打任意位置
54	2	三号孔打任意位置
55	3	四号孔打任意位置
56	3	四号孔打任意位置
57	[1,2,3,4]	一号孔打任意位置
58	[1,2,3,4]	一号孔打任意位置
59	[1,2,3,4]	一号孔打任意位置
60	[1,2,3,4]	一号孔打任意位置
61	[1,2,3,4]	一号孔打任意位置
62	[1,2,3,4]	一号孔打任意位置
63	[1,2,3,4]	一号孔打任意位置
64	[1,2,3,4]	一号孔打任意位置
65	[1,2,3,4]	一号孔打任意位置
66	[1,2,3,4]	一号孔打任意位置
67	[1,2,3,4]	一号孔打任意位置
68	[1,2,3,4]	一号孔打任意位置
69	[1,2,3,4]	一号孔打任意位置
70	[1,2,3,4]	一号孔打任意位置
71	[1,2,3,4]	一号孔打任意位置
72	[1,2,3,4]	一号孔打任意位置
73	[1,2,3,4]	一号孔打任意位置
74	[1,2,3,4]	一号孔打任意位置
75	[1,2,3,4]	一号孔打任意位置
76	[1,2,3,4]	一号孔打任意位置
77	[1,2,3,4]	一号孔打任意位置
78	[1,2,3,4]	一号孔打任意位置
79	[1,2,3,4]	一号孔打任意位置
80	[1,2,3,4]	一号孔打任意位置
81	[1,2,3,4]	一号孔打任意位置
82	[1,2,3,4]	一号孔打任意位置
83	[1,2,3,4]	一号孔打任意位置
84	[1,2,3,4]	一号孔打任意位置
85	[1,2,3,4]	一号孔打任意位置
86	[1,2,3,4]	一号孔打任意位置
87	[1,2,3,4]	一号孔打任意位置
88	[1,2,3,4]	一号孔打任意位置
89	[1,2,3,4]	一号孔打任意位置
90	[1,2,3,4]	一号孔打任意位置
91	[1,2,3,4]	一号孔打任意位置
92	[1,2,3,4]	一号孔打任意位置
93	[1,2,3,4]	一号孔打任意位置
94	[1,2,3,4]	一号孔打任意位置
95	[1,2,3,4]	一号孔打任意位置
96	[1,2,3,4]	一号孔打任意位置
97	[1,2,3,4]	一号孔打任意位置
98	[1,2,3,4]	一号孔打任意位置
99	[1,2,3,4]	一号孔打任意位置
100	[1,2,3,4]	一号孔打任意位置
101	[1,2,3,4]	一号孔打任意位置
102	[1,2,3,4]	一号孔打任意位置
103	[1,2,3,4]	一号孔打任意位置
104	[1,2,3,4]	一号孔打任意位置
105	[1,2,3,4]	一号孔打任意位置
106	[1,2,3,4]	一号孔打任意位置
107	[1,2,3,4]	一号孔打任意位置
108	[1,2,3,4]	一号孔打任意位置
109	[1,2,3,4]	一号孔打任意位置
110	[1,2,3,4]	一号孔打任意位置
111	[1,2,3,4]	一号孔打任意位置
112	[1,2,3,4]	一号孔打任意位置
113	[1,2,3,4]	一号孔打任意位置
114	[1,2,3,4]	一号孔打任意位置
115	[1,2,3,4]	一号孔打任意位置
116	[1,2,3,4]	一号孔打任意位置
117	[1,2,3,4]	一号孔打任意位置
118	[1,2,3,4]	一号孔打任意位置
119	[1,2,3,4]	一号孔打任意位置
120	[1,2,3,4]	一号孔打任意位置
121	[1,2,3,4]	一号孔打任意位置
122	[1,2,3,4]	一号孔打任意位置
123	[1,2,3,4]	一号孔打任意位置
124	[1,2,3,4]	一号孔打任意位置
125	[1,2,3,4]	一号孔打任意位置
126	[1,2,3,4]	一号孔打任意位置
127	[1,2,3,4]	一号孔打任意位置
128	[1,2,3,4]	一号孔打任意位置
129	[2,3,4]	二号孔打任意位置
130	[2,3,4]	二号孔打任意位置
131	[2,3,4]	二号孔打任意位置
132	[2,3,4]	二号孔打任意位置
133	[2,3,4]	二号孔打任意位置
134	[2,3,4]	二号孔打任意位置
135	[2,3,4]	二号孔打任意位置
136	[2,3,4]	二号孔打任意位置
137	[2,3,4]	二号孔打任意位置
138	[2,3,4]	二号孔打任意位置
139	[2,3,4]	二号孔打任意位置
140	[2,3,4]	二号孔打任意位置
141	[2,3,4]	二号孔打任意位置
142	[2,3,4]	二号孔打任意位置
143	[2,3,4]	二号孔打任意位置
144	[2,3,4]	二号孔打任意位置
145	[2,3,4]	二号孔打任意位置
146	[2,3,4]	二号孔打任意位置
147	[2,3,4]	二号孔打任意位置
148	[2,3,4]	二号孔打任意位置
149	[2,3,4]	二号孔打任意位置
150	[2,3,4]	二号孔打任意位置
151	[2,3,4]	二号孔打任意位置
152	[2,3,4]	二号孔打任意位置
153	[2,3,4]	二号孔打任意位置
154	[2,3,4]	二号孔打任意位置
155	[2,3,4]	二号孔打任意位置
156	[2,3,4]	二号孔打任意位置
157	[2,3,4]	二号孔打任意位置
158	[2,3,4]	二号孔打任意位置
159	[2,3,4]	二号孔打任意位置
160	[2,3,4]	二号孔打任意位置
161	[2,3,4]	二号孔打任意位置
162	[2,3,4]	二号孔打任意位置
163	[2,3,4]	二号孔打任意位置
164	[2,3,4]	二号孔打任意位置
165	[2,3,4]	二号孔打任意位置
166	[2,3,4]	二号孔打任意位置
167	[2,3,4]	二号孔打任意位置
168	[2,3,4]	二号孔打任意位置
169	[2,3,4]	二号孔打任意位置
170	[2,3,4]	二号孔打任意位置
171	[2,3,4]	二号孔打任意位置
172	[2,3,4]	二号孔打任意位置
173	[2,3,4]	二号孔打任意位置
174	[2,3,4]	二号孔打任意位置
175	[2,3,4]	二号孔打任意位置
176	[2,3,4]	二号孔打任意位置
177	[2,3,4]	二号孔打任意位置
178	[2,3,4]	二号孔打任意位置
179	[2,3,4]	二号孔打任意位置
180	[2,3,4]	二号孔打任意位置
181	[2,3,4]	二号孔打任意位置
182	[2,3,4]	二号孔打任意位置
183	[2,3,4]	二号孔打任意位置
184	[2,3,4]	二号孔打任意位置
185	[2,3,4]	二号孔打任意位置
186	[2,3,4]	二号孔打任意位置
187	[2,3,4]	二号孔打任意位置
188	[2,3,4]	二号孔打任意位置
189	[2,3,4]	二号孔打任意位置
190	[2,3,4]	二号孔打任意位置
191	[2,3,4]	二号孔打任意位置
192	[2,3,4]	二号孔打任意位置
193	[2,3,4]	二号孔打任意位置
194	[2,3,4]	二号孔打任意位置
195	[2,3,4]	二号孔打任意位置
196	[2,3,4]	二号孔打任意位置
197	[2,3,4]	二号孔打任意位置
198	[2,3,4]	二号孔打任意位置
199	[2,3,4]	二号孔打任意位置
200	[2,3,4]	二号孔打任意位置
201	[3,4]	三号孔打任意位置
202	[3,4]	三号孔打任意位置
203	[3,4]	三号孔打任意位置
204	[3,4]	三号孔打任意位置
205	[3,4]	三号孔打任意位置
206	[3,4]	三号孔打任意位置
207	[3,4]	三号孔打任意位置
208	[3,4]	三号孔打任意位置
209	[3,4]	三号孔打任意位置
210	[3,4]	三号孔打任意位置
211	[3,4]	三号孔打任意位置
212	[3,4]	三号孔打任意位置
213	[3,4]	三号孔打任意位置
214	[3,4]	三号孔打任意位置
215	[3,4]	三号孔打任意位置
216	[3,4]	三号孔打任意位置
217	[3,4]	三号孔打任意位置
218	[3,4]	三号孔打任意位置
219	[3,4]	三号孔打任意位置
220	[3,4]	三号孔打任意位置
221	[3,4]	三号孔打任意位置
222	[3,4]	三号孔打任意位置
223	[3,4]	三号孔打任意位置
224	[3,4]	三号孔打任意位置
225	[3,4]	三号孔打任意位置
226	[3,4]	三号孔打任意位置
227	[3,4]	三号孔打任意位置
228	[3,4]	三号孔打任意位置
229	[3,4]	三号孔打任意位置
230	[3,4]	三号孔打任意位置
231	[3,4]	三号孔打任意位置
232	[3,4]	三号孔打任意位置
233	[3,4]	三号孔打任意位置
234	[3,4]	三号孔打任意位置
235	[3,4]	三号孔打任意位置
236	[3,4]	三号孔打任意位置
237	[3,4]	三号孔打任意位置
238	[3,4]	三号孔打任意位置
239	[3,4]	三号孔打任意位置
240	[3,4]	三号孔打任意位置
241	[3,4]	三号孔打任意位置
242	[3,4]	三号孔打任意位置
243	[3,4]	三号孔打任意位置
244	[3,4]	三号孔打任意位置
245	[3,4]	三号孔打任意位置
246	[3,4]	三号孔打任意位置
247	[3,4]	三号孔打任意位置
248	[3,4]	三号孔打任意位置
249	[3,4]	三号孔打任意位置
250	[3,4]	三号孔打任意位置
251	[3,4]	三号孔打任意位置
252	[3,4]	三号孔打任意位置
253	[3,4]	三号孔打任意位置
254	[3,4]	三号孔打任意位置
255	[3,4]	三号孔打任意位置
256	[3,4]	三号孔打任意位置
257	[3,4]	三号孔打任意位置
258	[3,4]	三号孔打任意位置
259	[3,4]	三号孔打任意位置
260	[3,4]	三号孔打任意位置
261	[3,4]	三号孔打任意位置
262	[3,4]	三号孔打任意位置
263	[3,4]	三号孔打任意位置
264	[3,4]	三号孔打任意位置
265	[3,4]	三号孔打任意位置
266	[3,4]	三号孔打任意位置
267	[3,4]	三号孔打任意位置
268	[3,4]	三号孔打任意位置
269	[3,4]	三号孔打任意位置
270	[3,4]	三号孔打任意位置
271	[3,4]	三号孔打任意位置
272	[3,4]	三号孔打任意位置
273	4	四号孔打任意位置
274	4	四号孔打任意位置
275	4	四号孔打任意位置
276	4	四号孔打任意位置
277	4	四号孔打任意位置
278	4	四号孔打任意位置
279	4	四号孔打任意位置
280	4	四号孔打任意位置
281	4	四号孔打任意位置
282	4	四号孔打任意位置
283	4	四号孔打任意位置
284	4	四号孔打任意位置
285	4	四号孔打任意位置
286	4	四号孔打任意位置
287	4	四号孔打任意位置
288	4	四号孔打任意位置
289	4	四号孔打任意位置
290	4	四号孔打任意位置
291	4	四号孔打任意位置
292	4	四号孔打任意位置
293	4	四号孔打任意位置
294	4	四号孔打任意位置
295	4	四号孔打任意位置
296	4	四号孔打任意位置
297	4	四号孔打任意位置
298	4	四号孔打任意位置
299	4	四号孔打任意位置
300	4	四号孔打任意位置
301	4	四号孔打任意位置
302	4	四号孔打任意位置
303	4	四号孔打任意位置
304	4	四号孔打任意位置
305	4	四号孔打任意位置
306	4	四号孔打任意位置
307	4	四号孔打任意位置
308	4	四号孔打任意位置
309	4	四号孔打任意位置
310	4	四号孔打任意位置
311	4	四号孔打任意位置
312	4	四号孔打任意位置
313	4	四号孔打任意位置
314	4	四号孔打任意位置
315	4	四号孔打任意位置
316	4	四号孔打任意位置
317	4	四号孔打任意位置
318	4	四号孔打任意位置
319	4	四号孔打任意位置
320	4	四号孔打任意位置
321	4	四号孔打任意位置
322	4	四号孔打任意位置
323	4	四号孔打任意位置
324	4	四号孔打任意位置
325	4	四号孔打任意位置
326	4	四号孔打任意位置
327	4	四号孔打任意位置
328	4	四号孔打任意位置
329	4	四号孔打任意位置
330	4	四号孔打任意位置
331	4	四号孔打任意位置
332	4	四号孔打任意位置
333	4	四号孔打任意位置
334	4	四号孔打任意位置
335	4	四号孔打任意位置
336	4	四号孔打任意位置
337	4	四号孔打任意位置
338	4	四号孔打任意位置
339	4	四号孔打任意位置
340	4	四号孔打任意位置
341	4	四号孔打任意位置
342	4	四号孔打任意位置
343	4	四号孔打任意位置
344	4	四号孔打任意位置
345	3	四号孔打任意位置
346	2	三号孔打任意位置
347	[1,2,3,4]	一号孔打任意位置
348	[1,2,3,4]	一号孔打任意位置
349	[1,2,3,4]	一号孔打任意位置
350	[1,2,3,4]	一号孔打任意位置
351	[1,2,3,4]	一号孔打任意位置
352	[1,2,3,4]	一号孔打任意位置
353	[2,3,4]	二号孔打任意位置
354	[2,3,4]	二号孔打任意位置
355	[2,3,4]	二号孔打任意位置
356	[2,3,4]	二号孔打任意位置
357	[2,3,4]	二号孔打任意位置
358	[2,3,4]	二号孔打任意位置
359	[3,4]	三号孔打任意位置
360	[3,4]	三号孔打任意位置
361	[3,4]	三号孔打任意位置
362	[3,4]	三号孔打任意位置
363	[3,4]	三号孔打任意位置
364	[3,4]	三号孔打任意位置
365	4	四号孔打任意位置
366	4	四号孔打任意位置
367	4	四号孔打任意位置
368	4	四号孔打任意位置
369	4	四号孔打任意位置
370	4	四号孔打任意位置
