Record	Resource	Palette
1	1	0
2	1	0
3	1	1
4	2	2
5	3	0
6	3	0
7	3	1
8	4	2
9	4	0
10	4	1
21	1	2
22	1	0
23	1	1
24	2	2
25	3	0
26	3	0
27	3	1
28	4	2
29	4	0
30	4	1
31	5	2
32	5	0
33	5	0
34	5	0
35	5	0
36	5	0
37	5	0
38	5	0
39	5	0
40	5	0
41	5	0
42	5	1
43	5	1
44	5	1
45	5	1
46	5	1
47	5	1
48	5	1
49	5	1
50	5	1
51	5	1
52	5	2
53	5	2
54	5	2
55	5	2
56	5	2
57	5	2
58	5	2
59	5	2
60	5	2
91	5	2
92	5	0
93	5	0
94	5	0
95	5	0
96	5	0
97	5	0
98	5	0
99	5	0
100	5	0
101	5	0
102	5	1
103	5	1
104	5	1
105	5	1
106	5	1
107	5	1
108	5	1
109	5	1
110	5	1
111	5	1
112	5	2
113	5	2
114	5	2
115	5	2
116	5	2
117	5	2
118	5	2
119	5	2
120	5	2
121	6	2
122	6	0
123	6	0
124	6	0
125	6	0
126	6	0
127	6	0
128	6	0
129	6	0
130	6	0
131	6	0
132	6	0
133	6	0
134	6	0
135	6	0
136	6	0
137	6	0
138	6	0
139	6	0
140	6	0
151	1	0
152	1	0
153	1	0
154	2	0
155	3	0
156	3	0
157	3	0
158	4	0
159	4	0
160	4	0
171	1	0
172	1	0
173	1	0
174	2	0
175	3	0
176	3	0
177	3	0
178	4	0
179	4	0
180	4	0
181	6	0
182	6	0
183	6	0
184	6	0
185	6	0
186	6	0
187	6	0
188	6	0
189	6	0
190	6	0
191	6	0
192	6	0
193	6	0
194	6	0
195	6	0
196	6	0
197	6	0
198	6	0
199	6	0
200	6	0
211	1	0
212	3	3
213	4	3
214	5	3
215	6	3
216	6	3
217	6	2
218	6	3
219	6	3
220	6	3
225	6	3
226	6	3
227	6	2
228	6	3
229	6	3
230	6	3
231	1	3
232	3	3
233	4	3
234	5	3
236	4	3
241	1	3
242	3	4
243	4	4
244	4	4
245	5	5
246	5	4
247	5	5
248	6	6
249	6	4
250	6	4
258	6	6
259	6	4
260	6	4
261	1	6
262	3	4
263	4	4
264	4	4
265	5	5
266	5	4
267	5	5
271	6	6
272	6	2
273	6	2
274	6	2
275	6	2
276	6	2
277	6	2
278	6	2
279	6	2
280	6	2
281	6	2
282	6	2
283	6	2
284	6	2
285	6	2
286	6	2
287	6	2
288	6	2
289	6	2
290	6	2
321	11	0
322	11	0
323	11	0
324	11	0
325	11	0
326	11	0
327	11	0
328	11	0
329	11	0
330	11	0
351	12	0
352	12	0
353	12	0
354	12	0
355	12	0
356	12	0
357	12	0
358	12	0
359	12	0
360	12	0
381	11	0
382	11	0
383	11	0
384	11	0
385	11	0
386	11	0
387	11	0
388	11	0
389	11	0
390	11	0
411	12	0
412	12	0
413	12	0
414	12	0
415	12	0
416	12	0
417	12	0
418	12	0
419	12	0
420	12	0
421	6	0
422	6	2
423	6	2
424	6	2
425	6	2
426	6	2
427	6	2
428	6	2
429	6	2
430	6	2
431	6	2
432	6	2
433	6	2
434	6	2
435	6	2
436	6	2
437	6	2
438	6	2
439	6	2
440	6	2
441	4	2
442	4	6
443	4	6
444	4	6
445	4	6
446	4	6
447	4	6
448	4	6
449	4	6
450	4	6
451	12	6
452	12	6
453	12	6
454	12	6
455	12	6
456	12	6
457	12	6
458	12	6
459	12	6
460	12	6
501	11	0
502	11	0
503	11	0
504	11	0
505	11	0
506	11	0
507	11	0
508	11	0
509	11	0
510	11	0
511	4	0
512	4	2
513	4	2
514	4	2
515	4	2
516	4	2
517	4	2
518	4	2
519	4	2
520	4	2
531	4	2
532	4	6
533	4	6
534	4	6
535	4	6
536	4	6
537	4	6
538	4	6
539	4	6
540	4	6
541	4	6
542	4	2
543	4	2
544	4	2
545	4	2
546	4	2
547	4	2
548	4	2
549	4	2
550	4	2
561	4	2
562	4	6
563	4	6
564	4	6
565	4	6
566	4	6
567	4	6
568	4	6
569	4	6
570	4	6
571	4	6
572	4	2
573	4	2
574	4	2
575	4	2
576	4	2
577	4	2
578	4	2
579	4	2
580	4	2
591	4	2
592	4	6
593	4	6
594	4	6
595	4	6
596	4	6
597	4	6
598	4	6
599	4	6
600	4	6
601	4	6
602	6	2
603	4	2
604	4	2
605	4	2
606	4	2
607	4	2
608	4	2
609	4	2
610	4	2
612	6	2
613	6	2
621	4	6
623	4	6
624	4	6
625	4	6
626	4	6
627	4	6
628	4	6
629	4	6
630	4	6
651	11	0
652	11	0
653	11	0
654	11	0
655	11	0
656	11	0
657	11	0
658	11	0
659	11	0
660	11	2
661	4	2
662	4	2
663	4	2
664	4	2
665	4	2
666	4	2
667	4	2
668	4	2
669	4	2
670	4	2
681	4	6
682	4	6
683	4	6
684	4	6
685	4	6
686	4	6
687	4	6
688	4	6
689	4	6
690	4	2
691	4	2
692	6	2
693	4	2
694	4	2
695	4	2
696	4	2
697	4	2
698	4	2
699	4	2
700	4	2
702	6	2
711	4	6
713	4	6
714	4	6
715	4	6
716	4	6
717	4	6
718	4	6
719	4	6
720	4	0
721	12	0
722	12	0
723	12	0
724	12	0
725	12	0
726	12	0
727	12	0
728	12	0
729	12	0
730	12	0
771	11	0
772	11	0
773	11	0
774	11	0
775	11	0
776	11	0
777	11	0
778	11	0
779	11	0
780	11	0
801	12	0
802	12	0
803	12	0
804	12	0
805	12	0
806	12	0
807	12	0
808	12	0
809	12	0
810	12	0
831	11	0
832	11	0
833	11	0
834	11	0
835	11	0
836	11	0
837	11	0
838	11	0
839	11	0
840	11	0
861	12	0
862	12	0
863	12	0
864	12	0
865	12	0
866	12	0
867	12	0
868	12	0
869	12	0
870	12	0
891	11	0
892	11	0
893	11	0
894	11	0
895	11	0
896	11	0
897	11	0
898	11	0
899	11	0
900	11	0
921	12	0
922	12	0
923	12	0
924	12	0
925	12	0
926	12	0
927	12	0
928	12	0
929	12	0
930	12	0
931	6	0
932	6	5
933	6	5
934	6	5
935	6	5
936	6	5
937	6	5
938	6	5
939	6	5
940	6	5
941	6	5
942	6	5
943	6	5
944	6	5
945	6	5
946	6	5
947	6	5
948	6	5
949	6	5
950	6	5
961	6	6
962	6	4
963	6	4
964	6	4
965	6	4
966	6	4
967	6	4
968	6	4
969	6	4
970	6	4
971	6	4
972	6	4
973	6	4
974	6	4
975	6	4
976	6	4
977	6	4
978	6	4
979	6	4
980	6	4
1021	11	0
1022	11	0
1023	11	0
1024	11	0
1025	11	0
1026	11	0
1027	11	0
1028	11	0
1029	11	0
1030	11	0
1051	11	0
1052	11	0
1053	11	0
1054	11	0
1055	11	0
1056	11	0
1057	11	0
1058	11	0
1059	11	0
1060	11	0
1081	11	0
1082	11	0
1083	11	0
1084	11	0
1085	11	0
1086	11	0
1087	11	0
1088	11	0
1089	11	0
1090	11	0
1111	11	0
1112	11	0
1113	11	0
1114	11	0
1115	11	0
1116	11	0
1117	11	0
1118	11	0
1119	11	0
1120	11	0
