编号	道具种类	具体类别	详细类别	等级	装备动画文件名	菜单动画文件名	生成魔法属性条目数	魔法属性类型_1	魔法属性最小值_1	魔法属性最大值_1	概率界限值_1	魔法属性装饰附加值_1	魔法属性类型_2	魔法属性最小值_2	魔法属性最大值_2	概率界限值_2	魔法属性装饰附加值_2	魔法属性类型_3	魔法属性最小值_3	魔法属性最大值_3	概率界限值_3	魔法属性装饰附加值_3	魔法属性类型_4	魔法属性最小值_4	魔法属性最大值_4	概率界限值_4	魔法属性装饰附加值_4	魔法属性类型_5	魔法属性最小值_5	魔法属性最大值_5	概率界限值_5	魔法属性装饰附加值_5	魔法属性类型_6	魔法属性最小值_6	魔法属性最大值_6	概率界限值_6	魔法属性装饰附加值_6	魔法属性类型_7	魔法属性最小值_7	魔法属性最大值_7	概率界限值_7	魔法属性装饰附加值_7	魔法属性类型_8	魔法属性最小值_8	魔法属性最大值_8	概率界限值_8	魔法属性装饰附加值_8	魔法属性类型_9	魔法属性最小值_9	魔法属性最大值_9	概率界限值_9	魔法属性装饰附加值_9	魔法属性类型_10	魔法属性最小值_10	魔法属性最大值_10	概率界限值_10	魔法属性装饰附加值_10	功力值	备注
1	3	281	0	0	spr\Ui4\Tips\宝石红0小.spr	spr\Ui4\Tips\宝石红0_0小.spr	1	121	1	5	20	1	124	1	5	40	1	177	1	5	60	1	123	1	5	80	1	122	1	5	100	1																										20	赤炎碎玉
2	3	282	0	0	spr\Ui4\Tips\宝石红1小.spr	spr\Ui4\Tips\宝石红1_0小.spr	1	121	6	10	20	1	124	6	10	40	1	177	6	10	60	1	123	6	10	80	1	122	6	10	100	1																										40	赤炎凡玉
3	3	283	0	0	spr\Ui4\Tips\宝石红2小.spr	spr\Ui4\Tips\宝石红2_0小.spr	1	121	11	15	20	2	124	11	15	40	2	177	11	15	60	2	123	11	15	80	2	122	11	15	100	2																										70	赤炎良玉
4	3	284	0	0	spr\Ui4\Tips\宝石红3小.spr	spr\Ui4\Tips\宝石红3_0小.spr	1	121	16	20	20	2	124	16	20	40	2	177	16	20	60	2	123	16	20	80	2	122	16	20	100	2																										90	赤炎名玉
5	3	285	0	0	spr\Ui4\Tips\宝石红4小.spr	spr\Ui4\Tips\宝石红4_0小.spr	1	121	21	30	10	3	124	21	30	20	3	177	21	30	30	3	123	21	30	40	3	122	21	30	50	3	126	1	5	60	1	163	1	5	70	1	173	1	5	80	1	161	1	5	90	1	162	1	5	100	1	126	赤炎玉晶
6	3	286	0	0	spr\Ui4\Tips\宝石红5小.spr	spr\Ui4\Tips\宝石红5_0小.spr	1	121	31	40	10	4	124	31	40	20	4	177	31	40	30	4	123	31	40	40	4	122	31	40	50	4	126	6	10	60	1	163	6	10	70	1	173	6	10	80	1	161	6	10	90	1	162	6	10	100	1	162	赤炎玉心
7	3	287	0	0	spr\Ui4\Tips\宝石红6小.spr	spr\Ui4\Tips\宝石红6_0小.spr	1	121	41	50	10	5	124	41	50	20	5	177	41	50	30	5	123	41	50	40	5	122	41	50	50	5	126	11	15	60	2	163	11	15	70	2	173	11	15	80	2	161	11	15	90	2	162	11	15	100	2	181	赤炎玉魂
8	3	288	0	0	spr\Ui4\Tips\宝石蓝0小.spr	spr\Ui4\Tips\宝石蓝0_0小.spr	1	97	1	5	20	1	98	1	5	40	1	99	1	5	60	1	100	1	5	80	1	182	1	2	100	1																										20	青冥碎玉
9	3	289	0	0	spr\Ui4\Tips\宝石蓝1小.spr	spr\Ui4\Tips\宝石蓝1_0小.spr	1	97	6	10	20	1	98	6	10	40	1	99	6	10	60	1	100	6	10	80	1	182	3	4	100	1																										40	青冥凡玉
10	3	290	0	0	spr\Ui4\Tips\宝石蓝2小.spr	spr\Ui4\Tips\宝石蓝2_0小.spr	1	97	11	15	20	2	98	11	15	40	2	99	11	15	60	2	100	11	15	80	2	182	5	6	100	1																										70	青冥良玉
11	3	291	0	0	spr\Ui4\Tips\宝石蓝3小.spr	spr\Ui4\Tips\宝石蓝3_0小.spr	1	97	16	20	20	2	98	16	20	40	2	99	16	20	60	2	100	16	20	80	2	182	7	8	100	1																										90	青冥名玉
12	3	292	0	0	spr\Ui4\Tips\宝石蓝4小.spr	spr\Ui4\Tips\宝石蓝4_0小.spr	1	97	21	30	10	3	98	21	30	20	3	99	21	30	30	3	100	21	30	40	3	182	9	12	50	2	216	21	30	60	2	213	1	2	70	1	215	1	2	80	1	214	1	2	90	1	212	1	2	100	1	126	青冥玉晶
13	3	293	0	0	spr\Ui4\Tips\宝石蓝5小.spr	spr\Ui4\Tips\宝石蓝5_0小.spr	1	97	31	40	10	4	98	31	40	20	4	99	31	40	30	4	100	31	40	40	4	182	13	16	50	2	216	31	40	60	3	213	3	4	70	1	215	3	4	80	1	214	3	4	90	1	212	3	4	100	1	162	青冥玉心
14	3	294	0	0	spr\Ui4\Tips\宝石蓝6小.spr	spr\Ui4\Tips\宝石蓝6_0小.spr	1	97	41	50	10	5	98	41	50	20	5	99	41	50	30	5	100	41	50	40	5	182	17	20	50	3	216	41	50	60	4	213	5	6	70	2	215	5	6	80	2	214	5	6	90	2	212	5	6	100	2	181	青冥玉魂
15	3	295	0	0	spr\Ui4\Tips\宝石紫0小.spr	spr\Ui4\Tips\宝石紫0_0小.spr	1	166	1	5	20	1	150	1	5	40	1	113	1	2	60	1	106	1	2	80	1	134	1	2	100	1																										20	紫霞碎玉
16	3	296	0	0	spr\Ui4\Tips\宝石紫1小.spr	spr\Ui4\Tips\宝石紫1_0小.spr	1	166	6	10	20	1	150	6	10	40	1	113	3	4	60	1	106	3	4	80	1	134	3	4	100	1																										40	紫霞凡玉
17	3	297	0	0	spr\Ui4\Tips\宝石紫2小.spr	spr\Ui4\Tips\宝石紫2_0小.spr	1	166	11	15	20	2	150	11	15	40	2	113	5	6	60	1	106	5	6	80	1	134	5	6	100	1																										70	紫霞良玉
18	3	298	0	0	spr\Ui4\Tips\宝石紫3小.spr	spr\Ui4\Tips\宝石紫3_0小.spr	1	166	16	20	20	2	150	16	20	40	2	113	7	8	60	1	106	7	8	80	1	134	7	8	100	1																										90	紫霞名玉
19	3	299	0	0	spr\Ui4\Tips\宝石紫4小.spr	spr\Ui4\Tips\宝石紫4_0小.spr	1	166	21	30	10	3	150	21	30	20	3	113	9	12	30	1	106	9	12	40	1	134	9	12	50	1	204	1	2	60	1	205	1	2	70	1	104	1	2	80	1	120	1	2	90	1	217	1	2	100	1	126	紫霞玉晶
20	3	300	0	0	spr\Ui4\Tips\宝石紫5小.spr	spr\Ui4\Tips\宝石紫5_0小.spr	1	166	31	40	10	4	150	31	40	20	4	113	13	16	30	2	106	13	16	40	2	134	13	16	50	2	204	3	4	60	1	205	3	4	70	1	104	3	4	80	1	120	3	4	90	1	217	3	4	100	1	162	紫霞玉心
21	3	301	0	0	spr\Ui4\Tips\宝石紫6小.spr	spr\Ui4\Tips\宝石紫6_0小.spr	1	166	41	50	10	5	150	41	50	20	5	113	17	20	30	2	106	17	20	40	2	134	17	20	50	2	204	5	6	60	2	205	5	6	70	2	104	5	6	80	2	120	5	6	90	2	217	5	6	100	2	181	紫霞玉魂
22	3	375	0	0	spr\Ui4\Tips\卦一天16.spr	spr\Ui4\Tips\卦一天12.spr	1	206	1	3	100	1																																														130	一级卦符<天>
23	3	376	0	0	spr\Ui4\Tips\卦一地16.spr	spr\Ui4\Tips\卦一地12.spr	1	111	1	5	100	1																																														130	一级卦符<地>
24	3	377	0	0	spr\Ui4\Tips\卦一水16.spr	spr\Ui4\Tips\卦一水12.spr	1	161	1	5	100	1																																														130	一级卦符<水>
25	3	378	0	0	spr\Ui4\Tips\卦一火16.spr	spr\Ui4\Tips\卦一火12.spr	1	233	1	5	100	1																																														130	一级卦符<火>
26	3	379	0	0	spr\Ui4\Tips\卦一山16.spr	spr\Ui4\Tips\卦一山12.spr	1	234	1	5	100	1																																														130	一级卦符<山>
27	3	380	0	0	spr\Ui4\Tips\卦一泽16.spr	spr\Ui4\Tips\卦一泽12.spr	1	235	1	5	100	1																																														130	一级卦符<泽>
28	3	381	0	0	spr\Ui4\Tips\卦一风16.spr	spr\Ui4\Tips\卦一风12.spr	1	115	1	5	100	1																																														130	一级卦符<风>
29	3	382	0	0	spr\Ui4\Tips\卦一雷16.spr	spr\Ui4\Tips\卦一雷12.spr	1	116	1	5	100	1																																														130	一级卦符<雷>
30	3	384	0	0	spr\Ui4\Tips\卦二天16.spr	spr\Ui4\Tips\卦二天12.spr	1	206	4	6	100	1																																														165	二级卦符<天>
31	3	385	0	0	spr\Ui4\Tips\卦二地16.spr	spr\Ui4\Tips\卦二地12.spr	1	111	6	10	100	1																																														165	二级卦符<地>
32	3	386	0	0	spr\Ui4\Tips\卦二水16.spr	spr\Ui4\Tips\卦二水12.spr	1	161	6	10	100	1																																														165	二级卦符<水>
33	3	387	0	0	spr\Ui4\Tips\卦二火16.spr	spr\Ui4\Tips\卦二火12.spr	1	233	6	10	100	1																																														165	二级卦符<火>
34	3	388	0	0	spr\Ui4\Tips\卦二山16.spr	spr\Ui4\Tips\卦二山12.spr	1	234	6	10	100	1																																														165	二级卦符<山>
35	3	389	0	0	spr\Ui4\Tips\卦二泽16.spr	spr\Ui4\Tips\卦二泽12.spr	1	235	6	10	100	1																																														165	二级卦符<泽>
36	3	390	0	0	spr\Ui4\Tips\卦二风16.spr	spr\Ui4\Tips\卦二风12.spr	1	115	6	10	100	1																																														165	二级卦符<风>
37	3	391	0	0	spr\Ui4\Tips\卦二雷16.spr	spr\Ui4\Tips\卦二雷12.spr	1	116	6	10	100	1																																														165	二级卦符<雷>
38	3	393	0	0	spr\Ui4\Tips\卦三天16.spr	spr\Ui4\Tips\卦三天12.spr	1	206	7	9	100	1																																														180	三级卦符<天>
39	3	394	0	0	spr\Ui4\Tips\卦三地16.spr	spr\Ui4\Tips\卦三地12.spr	1	111	11	15	100	2																																														180	三级卦符<地>
40	3	395	0	0	spr\Ui4\Tips\卦三水16.spr	spr\Ui4\Tips\卦三水12.spr	1	161	11	15	100	2																																														180	三级卦符<水>
41	3	396	0	0	spr\Ui4\Tips\卦三火16.spr	spr\Ui4\Tips\卦三火12.spr	1	233	11	15	100	2																																														180	三级卦符<火>
42	3	397	0	0	spr\Ui4\Tips\卦三山16.spr	spr\Ui4\Tips\卦三山12.spr	1	234	11	15	100	2																																														180	三级卦符<山>
43	3	398	0	0	spr\Ui4\Tips\卦三泽16.spr	spr\Ui4\Tips\卦三泽12.spr	1	235	11	15	100	2																																														180	三级卦符<泽>
44	3	399	0	0	spr\Ui4\Tips\卦三风16.spr	spr\Ui4\Tips\卦三风12.spr	1	115	11	15	100	2																																														180	三级卦符<风>
45	3	400	0	0	spr\Ui4\Tips\卦三雷16.spr	spr\Ui4\Tips\卦三雷12.spr	1	116	11	15	100	2																																														180	三级卦符<雷>
46	3	402	0	0	spr\Ui4\Tips\卦四天16.spr	spr\Ui4\Tips\卦四天12.spr	1	206	10	12	100	1																																														210	四级卦符<天>
47	3	403	0	0	spr\Ui4\Tips\卦四地16.spr	spr\Ui4\Tips\卦四地12.spr	1	111	16	20	100	3																																														210	四级卦符<地>
48	3	404	0	0	spr\Ui4\Tips\卦四水16.spr	spr\Ui4\Tips\卦四水12.spr	1	161	16	20	100	3																																														210	四级卦符<水>
49	3	405	0	0	spr\Ui4\Tips\卦四火16.spr	spr\Ui4\Tips\卦四火12.spr	1	233	16	20	100	3																																														210	四级卦符<火>
50	3	406	0	0	spr\Ui4\Tips\卦四山16.spr	spr\Ui4\Tips\卦四山12.spr	1	234	16	20	100	3																																														210	四级卦符<山>
51	3	407	0	0	spr\Ui4\Tips\卦四泽16.spr	spr\Ui4\Tips\卦四泽12.spr	1	235	16	20	100	3																																														210	四级卦符<泽>
52	3	408	0	0	spr\Ui4\Tips\卦四风16.spr	spr\Ui4\Tips\卦四风12.spr	1	115	16	20	100	3																																														210	四级卦符<风>
53	3	409	0	0	spr\Ui4\Tips\卦四雷16.spr	spr\Ui4\Tips\卦四雷12.spr	1	116	16	20	100	3																																														210	四级卦符<雷>
