组编号	孔编号_1	孔概率_1	孔编号_2	孔概率_2	孔编号_3	孔概率_3	孔编号_4	孔概率_4	孔编号_5	孔概率_5	孔编号_6	孔概率_6	孔编号_7	孔概率_7	孔编号_8	孔概率_8	孔编号_9	孔概率_9	孔编号_10	孔概率_10	孔编号_11	孔概率_11	孔编号_12	孔概率_12	孔编号_13	孔概率_13	孔编号_14	孔概率_14	孔编号_15	孔概率_15	孔编号_16	孔概率_16	孔编号_17	孔概率_17	孔编号_18	孔概率_18	孔编号_19	孔概率_19	孔编号_20	孔概率_20	孔编号_21	孔概率_21	孔编号_22	孔概率_22	孔编号_23	孔概率_23	孔编号_24	孔概率_24	需求物品_1	需求物品_2	需求物品_3	需求物品_4	需求物品_5	需求物品_6	装备编号	金钱需求	孔位需求	打孔机率	需求技能	覆盖规则	打孔位置	备注
1	1	10000																																															1.3.88						*.0.0.*<8,12,71,80,81,82,83>.*.[1-20]	200000	0	100		0	0	使用黄水晶碎片可在除鹤嘴锄鲁班斧和鱼竿上打第1个孔，需求1-20级花费金钱200000
2	1	10000																																															1.3.88						*.0.0.*<8,12,71,80,81,82,83>.*.[21-40]	400000	0	100		0	0	使用黄水晶碎片可在除鹤嘴锄鲁班斧和鱼竿上打第1个孔，需求21-40级花费金钱400000
3	1	10000																																															1.3.88						*.0.0.*<8,12,71,80,81,82,83>.*.[41-60]	600000	0	100		0	0	使用黄水晶碎片可在除鹤嘴锄鲁班斧和鱼竿上打第1个孔，需求41-60级花费金钱600000
4	1	10000																																															1.3.88						*.0.0.*<8,12,71,80,81,82,83>.*.[61-80]	800000	0	100		0	0	使用黄水晶碎片可在除鹤嘴锄鲁班斧和鱼竿上打第1个孔，需求61-80级花费金钱800000
5	1	10000																																															1.3.88						*.0.0.*<8,12,71,80,81,82,83>.*.[81-100]	1000000	0	100		0	0	使用黄水晶碎片可在除鹤嘴锄鲁班斧和鱼竿上打第1个孔，需求81-100级花费金钱1000000
6	1	10000																																															1.3.88						*.0.0.*<8,12,71,80,81,82,83>.*.[201-300]	1000000	0	100		0	0	使用黄水晶碎片可在所有仙魔界武器上打第1个孔，需求1-100级花费金钱1000000
7	1	10000																																															1.3.88						*.0.[2,5,6,7,9,10].*.*.[1-20]	200000	0	100		0	0	使用黄水晶碎片可在所有人界装备上打第1个孔，需求1-20级花费金钱200000
8	1	10000																																															1.3.88						*.0.[2,5,6,7,9,10].*.*.[21-40]	400000	0	100		0	0	使用黄水晶碎片可在所有人界装备上打第1个孔，需求21-40级花费金钱400000
9	1	10000																																															1.3.88						*.0.[2,5,6,7,9,10].*.*.[41-60]	600000	0	100		0	0	使用黄水晶碎片可在所有人界装备上打第1个孔，需求41-60级花费金钱600000
10	1	10000																																															1.3.88						*.0.[2,5,6,7,9,10].*.*.[61-80]	800000	0	100		0	0	使用黄水晶碎片可在所有人界装备上打第1个孔，需求61-80级花费金钱800000
11	1	10000																																															1.3.88						*.0.[2,5,6,7,9,10].*.*.[81-100]	1000000	0	100		0	0	使用黄水晶碎片可在所有人界装备上打第1个孔，需求81-100级花费金钱1000000
12	1	10000																																															1.3.88						*.0.[2,5,6,7,9,10].*.*.[201-300]	1000000	0	100		0	0	使用黄水晶碎片可在所有仙魔界装备上打第1个孔，需求1-100级花费金钱1000000
13	2	5000																																															1.3.89						*.0.0.*<8,12,71,80,81,82,83>.*.[1-20]	1000000	1	100		0	1	使用黄水晶可在除鹤嘴锄鲁班斧和鱼竿上打第2个孔，需求1-20级花费金钱1000000
14	2	5000																																															1.3.89						*.0.0.*<8,12,71,80,81,82,83>.*.[21-40]	2000000	1	100		0	1	使用黄水晶可在除鹤嘴锄鲁班斧和鱼竿上打第2个孔，需求21-40级花费金钱2000000
15	2	5000																																															1.3.89						*.0.0.*<8,12,71,80,81,82,83>.*.[41-60]	3000000	1	100		0	1	使用黄水晶可在除鹤嘴锄鲁班斧和鱼竿上打第2个孔，需求41-60级花费金钱3000000
16	2	5000																																															1.3.89						*.0.0.*<8,12,71,80,81,82,83>.*.[61-80]	4000000	1	100		0	1	使用黄水晶可在除鹤嘴锄鲁班斧和鱼竿上打第2个孔，需求61-80级花费金钱4000000
17	2	5000																																															1.3.89						*.0.0.*<8,12,71,80,81,82,83>.*.[81-100]	5000000	1	100		0	1	使用黄水晶可在除鹤嘴锄鲁班斧和鱼竿上打第2个孔，需求81-100级花费金钱5000000
18	2	5000																																															1.3.89						*.0.0.*<8,12,71,80,81,82,83>.*.[201-300]	5000000	1	100		0	1	使用黄水晶可在所有仙魔界武器上打第2个孔，需求1-100级花费金钱5000000
19	2	5000																																															1.3.89						*.0.[2,5,6,7,9,10].*.*.[1-20]	1000000	1	100		0	1	使用黄水晶可在所有人界装备上打第2个孔，需求1-20级花费金钱1000000
20	2	5000																																															1.3.89						*.0.[2,5,6,7,9,10].*.*.[21-40]	2000000	1	100		0	1	使用黄水晶可在所有人界装备上打第2个孔，需求21-40级花费金钱2000000
21	2	5000																																															1.3.89						*.0.[2,5,6,7,9,10].*.*.[41-60]	3000000	1	100		0	1	使用黄水晶可在所有人界装备上打第2个孔，需求41-60级花费金钱3000000
22	2	5000																																															1.3.89						*.0.[2,5,6,7,9,10].*.*.[61-80]	4000000	1	100		0	1	使用黄水晶可在所有人界装备上打第2个孔，需求61-80级花费金钱4000000
23	2	5000																																															1.3.89						*.0.[2,5,6,7,9,10].*.*.[81-100]	5000000	1	100		0	1	使用黄水晶可在所有人界装备上打第2个孔，需求81-100级花费金钱5000000
24	2	5000																																															1.3.89						*.0.[2,5,6,7,9,10].*.*.[201-300]	5000000	1	100		0	1	使用黄水晶可在所有仙魔界装备上打第2个孔，需求1-100级花费金钱5000000
25	3	3000																																															1.3.90						*.0.0.*<8,12,71,80,81,82,83>.*.[1-20]	4000000	2	100		0	2	使用黄宝石可在除鹤嘴锄鲁班斧和鱼竿上打第3个孔，需求1-20级花费金钱4000000
26	3	3000																																															1.3.90						*.0.0.*<8,12,71,80,81,82,83>.*.[21-40]	8000000	2	100		0	2	使用黄宝石可在除鹤嘴锄鲁班斧和鱼竿上打第3个孔，需求21-40级花费金钱8000000
27	3	3000																																															1.3.90						*.0.0.*<8,12,71,80,81,82,83>.*.[41-60]	12000000	2	100		0	2	使用黄宝石可在除鹤嘴锄鲁班斧和鱼竿上打第3个孔，需求41-60级花费金钱12000000
28	3	3000																																															1.3.90						*.0.0.*<8,12,71,80,81,82,83>.*.[61-80]	16000000	2	100		0	2	使用黄宝石可在除鹤嘴锄鲁班斧和鱼竿上打第3个孔，需求61-80级花费金钱16000000
29	3	3000																																															1.3.90						*.0.0.*<8,12,71,80,81,82,83>.*.[81-100]	20000000	2	100		0	2	使用黄宝石可在除鹤嘴锄鲁班斧和鱼竿上打第3个孔，需求81-100级花费金钱20000000
30	3	3000																																															1.3.90						*.0.0.*<8,12,71,80,81,82,83>.*.[201-300]	20000000	2	100		0	2	使用黄宝石可在所有仙魔界武器上打第3个孔，需求1-100级花费金钱20000000
31	3	3000																																															1.3.90						*.0.[2,5,6,7,9,10].*.*.[1-20]	4000000	2	100		0	2	使用黄宝石可在所有人界装备上打第3个孔，需求1-20级花费金钱4000000
32	3	3000																																															1.3.90						*.0.[2,5,6,7,9,10].*.*.[21-40]	8000000	2	100		0	2	使用黄宝石可在所有人界装备上打第3个孔，需求21-40级花费金钱8000000
33	3	3000																																															1.3.90						*.0.[2,5,6,7,9,10].*.*.[41-60]	12000000	2	100		0	2	使用黄宝石可在所有人界装备上打第3个孔，需求41-60级花费金钱12000000
34	3	3000																																															1.3.90						*.0.[2,5,6,7,9,10].*.*.[61-80]	16000000	2	100		0	2	使用黄宝石可在所有人界装备上打第3个孔，需求61-80级花费金钱16000000
35	3	3000																																															1.3.90						*.0.[2,5,6,7,9,10].*.*.[81-100]	20000000	2	100		0	2	使用黄宝石可在所有人界装备上打第3个孔，需求81-100级花费金钱20000000
36	3	3000																																															1.3.90						*.0.[2,5,6,7,9,10].*.*.[201-300]	20000000	2	100		0	2	使用黄宝石可在所有仙魔界装备上打第3个孔，需求1-100级花费金钱20000000
37	4	7500																																															1.3.252						*.0.0.*<8,12,71,80,81,82,83>.*.[1-20]	20000000	3	100		0	3	使用黄碧玺可在除鹤嘴锄鲁班斧和鱼竿上打第4个孔，需求1-20级花费金钱20000000
38	4	7500																																															1.3.252						*.0.0.*<8,12,71,80,81,82,83>.*.[21-40]	40000000	3	100		0	3	使用黄碧玺可在除鹤嘴锄鲁班斧和鱼竿上打第4个孔，需求21-40级花费金钱40000000
39	4	7500																																															1.3.252						*.0.0.*<8,12,71,80,81,82,83>.*.[41-60]	60000000	3	100		0	3	使用黄碧玺可在除鹤嘴锄鲁班斧和鱼竿上打第4个孔，需求41-60级花费金钱60000000
40	4	7500																																															1.3.252						*.0.0.*<8,12,71,80,81,82,83>.*.[61-80]	80000000	3	100		0	3	使用黄碧玺可在除鹤嘴锄鲁班斧和鱼竿上打第4个孔，需求61-80级花费金钱80000000
41	4	7500																																															1.3.252						*.0.0.*<8,12,71,80,81,82,83>.*.[81-100]	100000000	3	100		0	3	使用黄碧玺可在除鹤嘴锄鲁班斧和鱼竿上打第4个孔，需求81-100级花费金钱100000000
42	4	7500																																															1.3.252						*.0.0.*<8,12,71,80,81,82,83>.*.[201-300]	100000000	3	100		0	3	使用黄碧玺可在所有仙魔界武器上打第4个孔，需求1-100级花费金钱100000000
43	4	7500																																															1.3.252						*.0.[2,5,6,7,9,10].*.*.[1-20]	20000000	3	100		0	3	使用黄碧玺可在所有人界装备上打第4个孔，需求1-20级花费金钱20000000
44	4	7500																																															1.3.252						*.0.[2,5,6,7,9,10].*.*.[21-40]	40000000	3	100		0	3	使用黄碧玺可在所有人界装备上打第4个孔，需求21-40级花费金钱40000000
45	4	7500																																															1.3.252						*.0.[2,5,6,7,9,10].*.*.[41-60]	60000000	3	100		0	3	使用黄碧玺可在所有人界装备上打第4个孔，需求41-60级花费金钱60000000
46	4	7500																																															1.3.252						*.0.[2,5,6,7,9,10].*.*.[61-80]	80000000	3	100		0	3	使用黄碧玺可在所有人界装备上打第4个孔，需求61-80级花费金钱80000000
47	4	7500																																															1.3.252						*.0.[2,5,6,7,9,10].*.*.[81-100]	100000000	3	100		0	3	使用黄碧玺可在所有人界装备上打第4个孔，需求81-100级花费金钱100000000
48	4	7500																																															1.3.252						*.0.[2,5,6,7,9,10].*.*.[201-300]	100000000	3	100		0	3	使用黄碧玺可在所有仙魔界装备上打第4个孔，需求1-100级花费金钱100000000
49	1	10000																																															1.3.88						*.0.0.*<8,12,71,80,81,82,83>.*.[101-200]	2000000	0	100		0	0	使用黄水晶碎片可在所有跨服武器上打第1个孔，需求101-200级花费金钱2000000
50	1	10000																																															1.3.88						*.0.[2,5,6,7,9,10].*.*.[90-300]	2000000	0	100		0	0	使用黄水晶碎片可在所有跨服装备上打第1个孔，需求101-200级花费金钱2000000
51	2	5000																																															1.3.89						*.0.0.*<8,12,71,80,81,82,83>.*.[101-200]	10000000	1	100		0	1	使用黄水晶可在所有跨服武器上打第2个孔，需求100-200级花费金钱10000000
52	2	5000																																															1.3.89						*.0.[2,5,6,7,9,10].*.*.[90-300]	10000000	1	100		0	1	使用黄水晶可在所有跨服装备上打第2个孔，需求101-200级花费金钱10000000
53	3	3000																																															1.3.90						*.0.0.*<8,12,71,80,81,82,83>.*.[101-200]	40000000	2	100		0	2	使用黄宝石可在所有跨服武器上打第3个孔，需求101-200级花费金钱40000000
54	3	3000																																															1.3.90						*.0.[2,5,6,7,9,10].*.*.[90-300]	40000000	2	100		0	2	使用黄宝石可在所有跨服装备上打第3个孔，需求101-200级花费金钱40000000
55	4	7500																																															1.3.252						*.0.0.*<8,12,71,80,81,82,83>.*.[119-200]	200000000	3	100		0	3	使用黄碧玺可在所有跨服武器上打第4个孔，需求101-200级花费金钱200000000
56	4	7500																																															1.3.252						*.0.[2,5,6,7,9,10].*.*.[90-300]	200000000	3	100		0	3	使用黄碧玺可在所有跨服装备上打第4个孔，需求101-200级花费金钱200000000
57	5	3300	9	6600	13	9900	17	10000																																									1.3.1149						*.0.0.*<8,12,71,80,81,82,83>.*.[1-20]	300000	[1,2,3,4]	100		1	0	使用紫水晶碎片可装饰除鹤嘴锄鲁班斧和鱼竿的第1个孔，需求1-20级花费金钱300000
58	5	3300	9	6600	13	9900	17	10000																																									1.3.1149						*.0.0.*<8,12,71,80,81,82,83>.*.[21-40]	600000	[1,2,3,4]	100		1	0	使用紫水晶碎片可装饰除鹤嘴锄鲁班斧和鱼竿的第1个孔，需求21-40级花费金钱600000
59	5	3300	9	6600	13	9900	17	10000																																									1.3.1149						*.0.0.*<8,12,71,80,81,82,83>.*.[41-60]	900000	[1,2,3,4]	100		1	0	使用紫水晶碎片可装饰除鹤嘴锄鲁班斧和鱼竿的第1个孔，需求41-60级花费金钱900000
60	5	3300	9	6600	13	9900	17	10000																																									1.3.1149						*.0.0.*<8,12,71,80,81,82,83>.*.[61-80]	1200000	[1,2,3,4]	100		1	0	使用紫水晶碎片可装饰除鹤嘴锄鲁班斧和鱼竿的第1个孔，需求61-80级花费金钱1200000
61	5	3300	9	6600	13	9900	17	10000																																									1.3.1149						*.0.0.*<8,12,71,80,81,82,83>.*.[81-100]	1500000	[1,2,3,4]	100		1	0	使用紫水晶碎片可装饰除鹤嘴锄鲁班斧和鱼竿的第1个孔，需求81-100级花费金钱1500000
62	5	3300	9	6600	13	9900	17	10000																																									1.3.1149						*.0.0.*<8,12,71,80,81,82,83>.*.[201-300]	1500000	[1,2,3,4]	100		1	0	使用紫水晶碎片可装饰所有仙魔界武器的第1个孔，需求1-100级花费金钱1500000
63	5	3300	9	6600	13	9900	17	10000																																									1.3.1149						*.0.[2,5,6,7,9,10].*.*.[1-20]	300000	[1,2,3,4]	100		1	0	使用紫水晶碎片可装饰所有人界装备的第1个孔，需求1-20级花费金钱300000
64	5	3300	9	6600	13	9900	17	10000																																									1.3.1149						*.0.[2,5,6,7,9,10].*.*.[21-40]	600000	[1,2,3,4]	100		1	0	使用紫水晶碎片可装饰所有人界装备的第1个孔，需求21-40级花费金钱600000
65	5	3300	9	6600	13	9900	17	10000																																									1.3.1149						*.0.[2,5,6,7,9,10].*.*.[41-60]	900000	[1,2,3,4]	100		1	0	使用紫水晶碎片可装饰所有人界装备的第1个孔，需求41-60级花费金钱900000
66	5	3300	9	6600	13	9900	17	10000																																									1.3.1149						*.0.[2,5,6,7,9,10].*.*.[61-80]	1200000	[1,2,3,4]	100		1	0	使用紫水晶碎片可装饰所有人界装备的第1个孔，需求61-80级花费金钱1200000
67	5	3300	9	6600	13	9900	17	10000																																									1.3.1149						*.0.[2,5,6,7,9,10].*.*.[81-100]	1500000	[1,2,3,4]	100		1	0	使用紫水晶碎片可装饰所有人界装备的第1个孔，需求81-100级花费金钱1500000
68	5	3300	9	6600	13	3300	17	10000																																									1.3.1149						*.0.[2,5,6,7,9,10].*.*.[201-300]	1500000	[1,2,3,4]	100		1	0	使用紫水晶碎片可装饰所有仙魔界装备的第1个孔，需求1-100级花费金钱1500000
69	21	1200	25	2400	29	3600	33	4800	37	6100	41	7400	45	8700	49	9900	17	10000																															1.3.1149	1.8.1347					*.0.0.*<8,12,71,80,81,82,83>.*.[1-20]	300000	[1,2,3,4]	100		1	0	使用紫水晶碎片和八卦秘银可装饰除鹤嘴锄鲁班斧和鱼竿的第1个孔，需求1-20级花费金钱300000
70	21	1200	25	2400	29	3600	33	4800	37	6100	41	7400	45	8700	49	9900	17	10000																															1.3.1149	1.8.1347					*.0.0.*<8,12,71,80,81,82,83>.*.[21-40]	600000	[1,2,3,4]	100		1	0	使用紫水晶碎片和八卦秘银可装饰除鹤嘴锄鲁班斧和鱼竿的第1个孔，需求21-40级花费金钱600000
71	21	1200	25	2400	29	3600	33	4800	37	6100	41	7400	45	8700	49	9900	17	10000																															1.3.1149	1.8.1347					*.0.0.*<8,12,71,80,81,82,83>.*.[41-60]	900000	[1,2,3,4]	100		1	0	使用紫水晶碎片和八卦秘银可装饰除鹤嘴锄鲁班斧和鱼竿的第1个孔，需求41-60级花费金钱900000
72	21	1200	25	2400	29	3600	33	4800	37	6100	41	7400	45	8700	49	9900	17	10000																															1.3.1149	1.8.1347					*.0.0.*<8,12,71,80,81,82,83>.*.[61-80]	1200000	[1,2,3,4]	100		1	0	使用紫水晶碎片和八卦秘银可装饰除鹤嘴锄鲁班斧和鱼竿的第1个孔，需求61-80级花费金钱1200000
73	21	1200	25	2400	29	3600	33	4800	37	6100	41	7400	45	8700	49	9900	17	10000																															1.3.1149	1.8.1347					*.0.0.*<8,12,71,80,81,82,83>.*.[81-100]	1500000	[1,2,3,4]	100		1	0	使用紫水晶碎片和八卦秘银可装饰除鹤嘴锄鲁班斧和鱼竿的第1个孔，需求81-100级花费金钱1500000
74	21	1200	25	2400	29	3600	33	4800	37	6100	41	7400	45	8700	49	9900	17	10000																															1.3.1149	1.8.1347					*.0.0.*<8,12,71,80,81,82,83>.*.[201-300]	1500000	[1,2,3,4]	100		1	0	使用紫水晶碎片和八卦秘银可装饰所有仙魔界武器的第1个孔，需求1-100级花费金钱1500000
75	21	1200	25	2400	29	3600	33	4800	37	6100	41	7400	45	8700	49	9900	17	10000																															1.3.1149	1.8.1347					*.0.[2,5,6,7,9,10].*.*.[1-20]	300000	[1,2,3,4]	100		1	0	使用紫水晶碎片和八卦秘银可装饰所有人界装备的第1个孔，需求1-20级花费金钱300000
76	21	1200	25	2400	29	3600	33	4800	37	6100	41	7400	45	8700	49	9900	17	10000																															1.3.1149	1.8.1347					*.0.[2,5,6,7,9,10].*.*.[21-40]	600000	[1,2,3,4]	100		1	0	使用紫水晶碎片和八卦秘银可装饰所有人界装备的第1个孔，需求21-40级花费金钱600000
77	21	1200	25	2400	29	3600	33	4800	37	6100	41	7400	45	8700	49	9900	17	10000																															1.3.1149	1.8.1347					*.0.[2,5,6,7,9,10].*.*.[41-60]	900000	[1,2,3,4]	100		1	0	使用紫水晶碎片和八卦秘银可装饰所有人界装备的第1个孔，需求41-60级花费金钱900000
78	21	1200	25	2400	29	3600	33	4800	37	6100	41	7400	45	8700	49	9900	17	10000																															1.3.1149	1.8.1347					*.0.[2,5,6,7,9,10].*.*.[61-80]	1200000	[1,2,3,4]	100		1	0	使用紫水晶碎片和八卦秘银可装饰所有人界装备的第1个孔，需求61-80级花费金钱1200000
79	21	1200	25	2400	29	3600	33	4800	37	6100	41	7400	45	8700	49	9900	17	10000																															1.3.1149	1.8.1347					*.0.[2,5,6,7,9,10].*.*.[81-100]	1500000	[1,2,3,4]	100		1	0	使用紫水晶碎片和八卦秘银可装饰所有人界装备的第1个孔，需求81-100级花费金钱1500000
80	21	1200	25	2400	29	3600	33	4800	37	6100	41	7400	45	8700	49	9900	17	10000																															1.3.1149	1.8.1347					*.0.[2,5,6,7,9,10].*.*.[201-300]	1500000	[1,2,3,4]	100		1	0	使用紫水晶碎片和八卦秘银可装饰所有仙魔界装备的第1个孔，需求1-100级花费金钱1500000
81	5	3135	9	6270	13	9405	17	9500	53	9665	57	9830	61	9995	65	10000																																	1.3.1149	1.8.1345					*.0.0.*<8,12,71,80,81,82,83>.*.[1-20]	300000	[1,2,3,4]	100		1	0	使用紫水晶碎片和炫彩水银可装饰除鹤嘴锄鲁班斧和鱼竿的第1个孔，需求1-20级花费金钱300000
82	5	3135	9	6270	13	9405	17	9500	53	9665	57	9830	61	9995	65	10000																																	1.3.1149	1.8.1345					*.0.0.*<8,12,71,80,81,82,83>.*.[21-40]	600000	[1,2,3,4]	100		1	0	使用紫水晶碎片和炫彩水银可装饰除鹤嘴锄鲁班斧和鱼竿的第1个孔，需求21-40级花费金钱600000
83	5	3135	9	6270	13	9405	17	9500	53	9665	57	9830	61	9995	65	10000																																	1.3.1149	1.8.1345					*.0.0.*<8,12,71,80,81,82,83>.*.[41-60]	900000	[1,2,3,4]	100		1	0	使用紫水晶碎片和炫彩水银可装饰除鹤嘴锄鲁班斧和鱼竿的第1个孔，需求41-60级花费金钱900000
84	5	3135	9	6270	13	9405	17	9500	53	9665	57	9830	61	9995	65	10000																																	1.3.1149	1.8.1345					*.0.0.*<8,12,71,80,81,82,83>.*.[61-80]	1200000	[1,2,3,4]	100		1	0	使用紫水晶碎片和炫彩水银可装饰除鹤嘴锄鲁班斧和鱼竿的第1个孔，需求61-80级花费金钱1200000
85	5	3135	9	6270	13	9405	17	9500	53	9665	57	9830	61	9995	65	10000																																	1.3.1149	1.8.1345					*.0.0.*<8,12,71,80,81,82,83>.*.[81-100]	1500000	[1,2,3,4]	100		1	0	使用紫水晶碎片和炫彩水银可装饰除鹤嘴锄鲁班斧和鱼竿的第1个孔，需求81-100级花费金钱1500000
86	5	3135	9	6270	13	9405	17	9500	53	9665	57	9830	61	9995	65	10000																																	1.3.1149	1.8.1345					*.0.0.*<8,12,71,80,81,82,83>.*.[201-300]	1500000	[1,2,3,4]	100		1	0	使用紫水晶碎片和炫彩水银可装饰所有仙魔界武器的第1个孔，需求1-100级花费金钱1500000
87	5	3135	9	6270	13	9405	17	9500	53	9665	57	9830	61	9995	65	10000																																	1.3.1149	1.8.1345					*.0.[2,5,6,7,9,10].*.*.[1-20]	300000	[1,2,3,4]	100		1	0	使用紫水晶碎片和炫彩水银可装饰所有人界装备的第1个孔，需求1-20级花费金钱300000
88	5	3135	9	6270	13	9405	17	9500	53	9665	57	9830	61	9995	65	10000																																	1.3.1149	1.8.1345					*.0.[2,5,6,7,9,10].*.*.[21-40]	600000	[1,2,3,4]	100		1	0	使用紫水晶碎片和炫彩水银可装饰所有人界装备的第1个孔，需求21-40级花费金钱600000
89	5	3135	9	6270	13	9405	17	9500	53	9665	57	9830	61	9995	65	10000																																	1.3.1149	1.8.1345					*.0.[2,5,6,7,9,10].*.*.[41-60]	900000	[1,2,3,4]	100		1	0	使用紫水晶碎片和炫彩水银可装饰所有人界装备的第1个孔，需求41-60级花费金钱900000
90	5	3135	9	6270	13	9405	17	9500	53	9665	57	9830	61	9995	65	10000																																	1.3.1149	1.8.1345					*.0.[2,5,6,7,9,10].*.*.[61-80]	1200000	[1,2,3,4]	100		1	0	使用紫水晶碎片和炫彩水银可装饰所有人界装备的第1个孔，需求61-80级花费金钱1200000
91	5	3135	9	6270	13	9405	17	9500	53	9665	57	9830	61	9995	65	10000																																	1.3.1149	1.8.1345					*.0.[2,5,6,7,9,10].*.*.[81-100]	1500000	[1,2,3,4]	100		1	0	使用紫水晶碎片和炫彩水银可装饰所有人界装备的第1个孔，需求81-100级花费金钱1500000
92	5	3135	9	6270	13	9405	17	9500	53	9665	57	9830	61	9995	65	10000																																	1.3.1149	1.8.1345					*.0.[2,5,6,7,9,10].*.*.[201-300]	1500000	[1,2,3,4]	100		1	0	使用紫水晶碎片和炫彩水银可装饰所有仙魔界装备的第1个孔，需求1-100级花费金钱1500000
93	53	3300	57	6600	61	9900	65	10000																																									1.3.1149	1.8.1346					*.0.0.*<8,12,71,80,81,82,83>.*.[1-20]	300000	[1,2,3,4]	100		1	0	使用紫水晶碎片和精致炫彩水银可装饰除鹤嘴锄鲁班斧和鱼竿的第1个孔，需求1-20级花费金钱300000
94	53	3300	57	6600	61	9900	65	10000																																									1.3.1149	1.8.1346					*.0.0.*<8,12,71,80,81,82,83>.*.[21-40]	600000	[1,2,3,4]	100		1	0	使用紫水晶碎片和精致炫彩水银可装饰除鹤嘴锄鲁班斧和鱼竿的第1个孔，需求21-40级花费金钱600000
95	53	3300	57	6600	61	9900	65	10000																																									1.3.1149	1.8.1346					*.0.0.*<8,12,71,80,81,82,83>.*.[41-60]	900000	[1,2,3,4]	100		1	0	使用紫水晶碎片和精致炫彩水银可装饰除鹤嘴锄鲁班斧和鱼竿的第1个孔，需求41-60级花费金钱900000
96	53	3300	57	6600	61	9900	65	10000																																									1.3.1149	1.8.1346					*.0.0.*<8,12,71,80,81,82,83>.*.[61-80]	1200000	[1,2,3,4]	100		1	0	使用紫水晶碎片和精致炫彩水银可装饰除鹤嘴锄鲁班斧和鱼竿的第1个孔，需求61-80级花费金钱1200000
97	53	3300	57	6600	61	9900	65	10000																																									1.3.1149	1.8.1346					*.0.0.*<8,12,71,80,81,82,83>.*.[81-100]	1500000	[1,2,3,4]	100		1	0	使用紫水晶碎片和精致炫彩水银可装饰除鹤嘴锄鲁班斧和鱼竿的第1个孔，需求81-100级花费金钱1500000
98	53	3300	57	6600	61	9900	65	10000																																									1.3.1149	1.8.1346					*.0.0.*<8,12,71,80,81,82,83>.*.[201-300]	1500000	[1,2,3,4]	100		1	0	使用紫水晶碎片和精致炫彩水银可装饰所有仙魔界武器的第1个孔，需求1-100级花费金钱1500000
99	53	3300	57	6600	61	9900	65	10000																																									1.3.1149	1.8.1346					*.0.[2,5,6,7,9,10].*.*.[1-20]	300000	[1,2,3,4]	100		1	0	使用紫水晶碎片和精致炫彩水银可装饰所有人界装备的第1个孔，需求1-20级花费金钱300000
100	53	3300	57	6600	61	9900	65	10000																																									1.3.1149	1.8.1346					*.0.[2,5,6,7,9,10].*.*.[21-40]	600000	[1,2,3,4]	100		1	0	使用紫水晶碎片和精致炫彩水银可装饰所有人界装备的第1个孔，需求21-40级花费金钱600000
101	53	3300	57	6600	61	9900	65	10000																																									1.3.1149	1.8.1346					*.0.[2,5,6,7,9,10].*.*.[41-60]	900000	[1,2,3,4]	100		1	0	使用紫水晶碎片和精致炫彩水银可装饰所有人界装备的第1个孔，需求41-60级花费金钱900000
102	53	3300	57	6600	61	9900	65	10000																																									1.3.1149	1.8.1346					*.0.[2,5,6,7,9,10].*.*.[61-80]	1200000	[1,2,3,4]	100		1	0	使用紫水晶碎片和精致炫彩水银可装饰所有人界装备的第1个孔，需求61-80级花费金钱1200000
103	53	3300	57	6600	61	9900	65	10000																																									1.3.1149	1.8.1346					*.0.[2,5,6,7,9,10].*.*.[81-100]	1500000	[1,2,3,4]	100		1	0	使用紫水晶碎片和精致炫彩水银可装饰所有人界装备的第1个孔，需求81-100级花费金钱1500000
104	53	3300	57	6600	61	9900	65	10000																																									1.3.1149	1.8.1346					*.0.[2,5,6,7,9,10].*.*.[201-300]	1500000	[1,2,3,4]	100		1	0	使用紫水晶碎片和精致炫彩水银可装饰所有仙魔界装备的第1个孔，需求1-100级花费金钱1500000
105	21	1140	25	2280	29	3420	33	4560	37	5795	41	7030	45	8265	49	9405	17	9500	69	9560	73	9620	77	9680	81	9740	85	9805	89	9870	93	9935	97	9995	65	10000													1.3.1149	1.8.1347	1.8.1345				*.0.0.*<8,12,71,80,81,82,83>.*.[1-20]	300000	[1,2,3,4]	100		1	0	使用紫水晶碎片、八卦秘银和炫彩水银可装饰除鹤嘴锄鲁班斧和鱼竿的第1个孔，需求1-20级花费金钱300000
106	21	1140	25	2280	29	3420	33	4560	37	5795	41	7030	45	8265	49	9405	17	9500	69	9560	73	9620	77	9680	81	9740	85	9805	89	9870	93	9935	97	9995	65	10000													1.3.1149	1.8.1347	1.8.1345				*.0.0.*<8,12,71,80,81,82,83>.*.[21-40]	600000	[1,2,3,4]	100		1	0	使用紫水晶碎片、八卦秘银和炫彩水银可装饰除鹤嘴锄鲁班斧和鱼竿的第1个孔，需求21-40级花费金钱600000
107	21	1140	25	2280	29	3420	33	4560	37	5795	41	7030	45	8265	49	9405	17	9500	69	9560	73	9620	77	9680	81	9740	85	9805	89	9870	93	9935	97	9995	65	10000													1.3.1149	1.8.1347	1.8.1345				*.0.0.*<8,12,71,80,81,82,83>.*.[41-60]	900000	[1,2,3,4]	100		1	0	使用紫水晶碎片、八卦秘银和炫彩水银可装饰除鹤嘴锄鲁班斧和鱼竿的第1个孔，需求41-60级花费金钱900000
108	21	1140	25	2280	29	3420	33	4560	37	5795	41	7030	45	8265	49	9405	17	9500	69	9560	73	9620	77	9680	81	9740	85	9805	89	9870	93	9935	97	9995	65	10000													1.3.1149	1.8.1347	1.8.1345				*.0.0.*<8,12,71,80,81,82,83>.*.[61-80]	1200000	[1,2,3,4]	100		1	0	使用紫水晶碎片、八卦秘银和炫彩水银可装饰除鹤嘴锄鲁班斧和鱼竿的第1个孔，需求61-80级花费金钱1200000
109	21	1140	25	2280	29	3420	33	4560	37	5795	41	7030	45	8265	49	9405	17	9500	69	9560	73	9620	77	9680	81	9740	85	9805	89	9870	93	9935	97	9995	65	10000													1.3.1149	1.8.1347	1.8.1345				*.0.0.*<8,12,71,80,81,82,83>.*.[81-100]	1500000	[1,2,3,4]	100		1	0	使用紫水晶碎片、八卦秘银和炫彩水银可装饰除鹤嘴锄鲁班斧和鱼竿的第1个孔，需求81-100级花费金钱1500000
110	21	1140	25	2280	29	3420	33	4560	37	5795	41	7030	45	8265	49	9405	17	9500	69	9560	73	9620	77	9680	81	9740	85	9805	89	9870	93	9935	97	9995	65	10000													1.3.1149	1.8.1347	1.8.1345				*.0.0.*<8,12,71,80,81,82,83>.*.[201-300]	1500000	[1,2,3,4]	100		1	0	使用紫水晶碎片、八卦秘银和炫彩水银可装饰所有仙魔界武器的第1个孔，需求1-100级花费金钱1500000
111	21	1140	25	2280	29	3420	33	4560	37	5795	41	7030	45	8265	49	9405	17	9500	69	9560	73	9620	77	9680	81	9740	85	9805	89	9870	93	9935	97	9995	65	10000													1.3.1149	1.8.1347	1.8.1345				*.0.[2,5,6,7,9,10].*.*.[1-20]	300000	[1,2,3,4]	100		1	0	使用紫水晶碎片、八卦秘银和炫彩水银可装饰所有人界装备的第1个孔，需求1-20级花费金钱300000
112	21	1140	25	2280	29	3420	33	4560	37	5795	41	7030	45	8265	49	9405	17	9500	69	9560	73	9620	77	9680	81	9740	85	9805	89	9870	93	9935	97	9995	65	10000													1.3.1149	1.8.1347	1.8.1345				*.0.[2,5,6,7,9,10].*.*.[21-40]	600000	[1,2,3,4]	100		1	0	使用紫水晶碎片、八卦秘银和炫彩水银可装饰所有人界装备的第1个孔，需求21-40级花费金钱600000
113	21	1140	25	2280	29	3420	33	4560	37	5795	41	7030	45	8265	49	9405	17	9500	69	9560	73	9620	77	9680	81	9740	85	9805	89	9870	93	9935	97	9995	65	10000													1.3.1149	1.8.1347	1.8.1345				*.0.[2,5,6,7,9,10].*.*.[41-60]	900000	[1,2,3,4]	100		1	0	使用紫水晶碎片、八卦秘银和炫彩水银可装饰所有人界装备的第1个孔，需求41-60级花费金钱900000
114	21	1140	25	2280	29	3420	33	4560	37	5795	41	7030	45	8265	49	9405	17	9500	69	9560	73	9620	77	9680	81	9740	85	9805	89	9870	93	9935	97	9995	65	10000													1.3.1149	1.8.1347	1.8.1345				*.0.[2,5,6,7,9,10].*.*.[61-80]	1200000	[1,2,3,4]	100		1	0	使用紫水晶碎片、八卦秘银和炫彩水银可装饰所有人界装备的第1个孔，需求61-80级花费金钱1200000
115	21	1140	25	2280	29	3420	33	4560	37	5795	41	7030	45	8265	49	9405	17	9500	69	9560	73	9620	77	9680	81	9740	85	9805	89	9870	93	9935	97	9995	65	10000													1.3.1149	1.8.1347	1.8.1345				*.0.[2,5,6,7,9,10].*.*.[81-100]	1500000	[1,2,3,4]	100		1	0	使用紫水晶碎片、八卦秘银和炫彩水银可装饰所有人界装备的第1个孔，需求81-100级花费金钱1500000
116	21	1140	25	2280	29	3420	33	4560	37	5795	41	7030	45	8265	49	9405	17	9500	69	9560	73	9620	77	9680	81	9740	85	9805	89	9870	93	9935	97	9995	65	10000													1.3.1149	1.8.1347	1.8.1345				*.0.[2,5,6,7,9,10].*.*.[201-300]	1500000	[1,2,3,4]	100		1	0	使用紫水晶碎片、八卦秘银和炫彩水银可装饰所有仙魔界装备的第1个孔，需求1-100级花费金钱1500000
117	69	1200	73	2400	77	3600	81	4800	85	6100	89	7400	93	8700	97	9900	65	10000																															1.3.1149	1.8.1347	1.8.1346				*.0.0.*<8,12,71,80,81,82,83>.*.[1-20]	300000	[1,2,3,4]	100		1	0	使用紫水晶碎片、八卦秘银和精致炫彩水银可装饰除鹤嘴锄鲁班斧和鱼竿的第1个孔，需求1-20级花费金钱300000
118	69	1200	73	2400	77	3600	81	4800	85	6100	89	7400	93	8700	97	9900	65	10000																															1.3.1149	1.8.1347	1.8.1346				*.0.0.*<8,12,71,80,81,82,83>.*.[21-40]	600000	[1,2,3,4]	100		1	0	使用紫水晶碎片、八卦秘银和精致炫彩水银可装饰除鹤嘴锄鲁班斧和鱼竿的第1个孔，需求21-40级花费金钱600000
119	69	1200	73	2400	77	3600	81	4800	85	6100	89	7400	93	8700	97	9900	65	10000																															1.3.1149	1.8.1347	1.8.1346				*.0.0.*<8,12,71,80,81,82,83>.*.[41-60]	900000	[1,2,3,4]	100		1	0	使用紫水晶碎片、八卦秘银和精致炫彩水银可装饰除鹤嘴锄鲁班斧和鱼竿的第1个孔，需求41-60级花费金钱900000
120	69	1200	73	2400	77	3600	81	4800	85	6100	89	7400	93	8700	97	9900	65	10000																															1.3.1149	1.8.1347	1.8.1346				*.0.0.*<8,12,71,80,81,82,83>.*.[61-80]	1200000	[1,2,3,4]	100		1	0	使用紫水晶碎片、八卦秘银和精致炫彩水银可装饰除鹤嘴锄鲁班斧和鱼竿的第1个孔，需求61-80级花费金钱1200000
121	69	1200	73	2400	77	3600	81	4800	85	6100	89	7400	93	8700	97	9900	65	10000																															1.3.1149	1.8.1347	1.8.1346				*.0.0.*<8,12,71,80,81,82,83>.*.[81-100]	1500000	[1,2,3,4]	100		1	0	使用紫水晶碎片、八卦秘银和精致炫彩水银可装饰除鹤嘴锄鲁班斧和鱼竿的第1个孔，需求81-100级花费金钱1500000
122	69	1200	73	2400	77	3600	81	4800	85	6100	89	7400	93	8700	97	9900	65	10000																															1.3.1149	1.8.1347	1.8.1346				*.0.0.*<8,12,71,80,81,82,83>.*.[201-300]	1500000	[1,2,3,4]	100		1	0	使用紫水晶碎片、八卦秘银和精致炫彩水银可装饰所有仙魔界武器的第1个孔，需求1-100级花费金钱1500000
123	69	1200	73	2400	77	3600	81	4800	85	6100	89	7400	93	8700	97	9900	65	10000																															1.3.1149	1.8.1347	1.8.1346				*.0.[2,5,6,7,9,10].*.*.[1-20]	300000	[1,2,3,4]	100		1	0	使用紫水晶碎片、八卦秘银和精致炫彩水银可装饰所有人界装备的第1个孔，需求1-20级花费金钱300000
124	69	1200	73	2400	77	3600	81	4800	85	6100	89	7400	93	8700	97	9900	65	10000																															1.3.1149	1.8.1347	1.8.1346				*.0.[2,5,6,7,9,10].*.*.[21-40]	600000	[1,2,3,4]	100		1	0	使用紫水晶碎片、八卦秘银和精致炫彩水银可装饰所有人界装备的第1个孔，需求21-40级花费金钱600000
125	69	1200	73	2400	77	3600	81	4800	85	6100	89	7400	93	8700	97	9900	65	10000																															1.3.1149	1.8.1347	1.8.1346				*.0.[2,5,6,7,9,10].*.*.[41-60]	900000	[1,2,3,4]	100		1	0	使用紫水晶碎片、八卦秘银和精致炫彩水银可装饰所有人界装备的第1个孔，需求41-60级花费金钱900000
126	69	1200	73	2400	77	3600	81	4800	85	6100	89	7400	93	8700	97	9900	65	10000																															1.3.1149	1.8.1347	1.8.1346				*.0.[2,5,6,7,9,10].*.*.[61-80]	1200000	[1,2,3,4]	100		1	0	使用紫水晶碎片、八卦秘银和精致炫彩水银可装饰所有人界装备的第1个孔，需求61-80级花费金钱1200000
127	69	1200	73	2400	77	3600	81	4800	85	6100	89	7400	93	8700	97	9900	65	10000																															1.3.1149	1.8.1347	1.8.1346				*.0.[2,5,6,7,9,10].*.*.[81-100]	1500000	[1,2,3,4]	100		1	0	使用紫水晶碎片、八卦秘银和精致炫彩水银可装饰所有人界装备的第1个孔，需求81-100级花费金钱1500000
128	69	1200	73	2400	77	3600	81	4800	85	6100	89	7400	93	8700	97	9900	65	10000																															1.3.1149	1.8.1347	1.8.1346				*.0.[2,5,6,7,9,10].*.*.[201-300]	1500000	[1,2,3,4]	100		1	0	使用紫水晶碎片、八卦秘银和精致炫彩水银可装饰所有仙魔界装备的第1个孔，需求1-100级花费金钱1500000
129	6	3300	10	6600	14	9900	18	10000																																									1.3.1150						*.0.0.*<8,12,71,80,81,82,83>.*.[1-20]	500000	[2,3,4]	100		1	1	使用紫水晶可装饰除鹤嘴锄鲁班斧和鱼竿的第2个孔，需求1-20级花费金钱500000
130	6	3300	10	6600	14	9900	18	10000																																									1.3.1150						*.0.0.*<8,12,71,80,81,82,83>.*.[21-40]	1000000	[2,3,4]	100		1	1	使用紫水晶可装饰除鹤嘴锄鲁班斧和鱼竿的第2个孔，需求21-40级花费金钱1000000
131	6	3300	10	6600	14	9900	18	10000																																									1.3.1150						*.0.0.*<8,12,71,80,81,82,83>.*.[41-60]	1500000	[2,3,4]	100		1	1	使用紫水晶可装饰除鹤嘴锄鲁班斧和鱼竿的第2个孔，需求41-60级花费金钱1500000
132	6	3300	10	6600	14	9900	18	10000																																									1.3.1150						*.0.0.*<8,12,71,80,81,82,83>.*.[61-80]	2000000	[2,3,4]	100		1	1	使用紫水晶可装饰除鹤嘴锄鲁班斧和鱼竿的第2个孔，需求61-80级花费金钱2000000
133	6	3300	10	6600	14	9900	18	10000																																									1.3.1150						*.0.0.*<8,12,71,80,81,82,83>.*.[81-100]	2500000	[2,3,4]	100		1	1	使用紫水晶可装饰除鹤嘴锄鲁班斧和鱼竿的第2个孔，需求81-100级花费金钱2500000
134	6	3300	10	6600	14	9900	18	10000																																									1.3.1150						*.0.0.*<8,12,71,80,81,82,83>.*.[201-300]	2500000	[2,3,4]	100		1	1	使用紫水晶可装饰所有仙魔界武器的第2个孔，需求1-100级花费金钱2500000
135	6	3300	10	6600	14	9900	18	10000																																									1.3.1150						*.0.[2,5,6,7,9,10].*.*.[1-20]	500000	[2,3,4]	100		1	1	使用紫水晶可装饰所有人界装备的第2个孔，需求1-20级花费金钱500000
136	6	3300	10	6600	14	9900	18	10000																																									1.3.1150						*.0.[2,5,6,7,9,10].*.*.[21-40]	1000000	[2,3,4]	100		1	1	使用紫水晶可装饰所有人界装备的第2个孔，需求21-40级花费金钱1000000
137	6	3300	10	6600	14	9900	18	10000																																									1.3.1150						*.0.[2,5,6,7,9,10].*.*.[41-60]	1500000	[2,3,4]	100		1	1	使用紫水晶可装饰所有人界装备的第2个孔，需求41-60级花费金钱1500000
138	6	3300	10	6600	14	9900	18	10000																																									1.3.1150						*.0.[2,5,6,7,9,10].*.*.[61-80]	2000000	[2,3,4]	100		1	1	使用紫水晶可装饰所有人界装备的第2个孔，需求61-80级花费金钱2000000
139	6	3300	10	6600	14	9900	18	10000																																									1.3.1150						*.0.[2,5,6,7,9,10].*.*.[81-100]	2500000	[2,3,4]	100		1	1	使用紫水晶可装饰所有人界装备的第2个孔，需求81-100级花费金钱2500000
140	6	3300	10	6600	14	9900	18	10000																																									1.3.1150						*.0.[2,5,6,7,9,10].*.*.[201-300]	2500000	[2,3,4]	100		1	1	使用紫水晶可装饰所有仙魔界装备的第2个孔，需求1-100级花费金钱2500000
141	22	1200	26	2400	30	3600	34	4800	38	6100	42	7400	46	8700	50	9900	18	10000																															1.3.1150	1.8.1347					*.0.0.*<8,12,71,80,81,82,83>.*.[1-20]	500000	[2,3,4]	100		1	1	使用紫水晶和八卦秘银可装饰除鹤嘴锄鲁班斧和鱼竿的第2个孔，需求1-20级花费金钱500000
142	22	1200	26	2400	30	3600	34	4800	38	6100	42	7400	46	8700	50	9900	18	10000																															1.3.1150	1.8.1347					*.0.0.*<8,12,71,80,81,82,83>.*.[21-40]	1000000	[2,3,4]	100		1	1	使用紫水晶和八卦秘银可装饰除鹤嘴锄鲁班斧和鱼竿的第2个孔，需求21-40级花费金钱1000000
143	22	1200	26	2400	30	3600	34	4800	38	6100	42	7400	46	8700	50	9900	18	10000																															1.3.1150	1.8.1347					*.0.0.*<8,12,71,80,81,82,83>.*.[41-60]	1500000	[2,3,4]	100		1	1	使用紫水晶和八卦秘银可装饰除鹤嘴锄鲁班斧和鱼竿的第2个孔，需求41-60级花费金钱1500000
144	22	1200	26	2400	30	3600	34	4800	38	6100	42	7400	46	8700	50	9900	18	10000																															1.3.1150	1.8.1347					*.0.0.*<8,12,71,80,81,82,83>.*.[61-80]	2000000	[2,3,4]	100		1	1	使用紫水晶和八卦秘银可装饰除鹤嘴锄鲁班斧和鱼竿的第2个孔，需求61-80级花费金钱2000000
145	22	1200	26	2400	30	3600	34	4800	38	6100	42	7400	46	8700	50	9900	18	10000																															1.3.1150	1.8.1347					*.0.0.*<8,12,71,80,81,82,83>.*.[81-100]	2500000	[2,3,4]	100		1	1	使用紫水晶和八卦秘银可装饰除鹤嘴锄鲁班斧和鱼竿的第2个孔，需求81-100级花费金钱2500000
146	22	1200	26	2400	30	3600	34	4800	38	6100	42	7400	46	8700	50	9900	18	10000																															1.3.1150	1.8.1347					*.0.0.*<8,12,71,80,81,82,83>.*.[201-300]	2500000	[2,3,4]	100		1	1	使用紫水晶和八卦秘银可装饰所有仙魔界武器的第2个孔，需求1-100级花费金钱2500000
147	22	1200	26	2400	30	3600	34	4800	38	6100	42	7400	46	8700	50	9900	18	10000																															1.3.1150	1.8.1347					*.0.[2,5,6,7,9,10].*.*.[1-20]	500000	[2,3,4]	100		1	1	使用紫水晶和八卦秘银可装饰所有人界装备的第2个孔，需求1-20级花费金钱500000
148	22	1200	26	2400	30	3600	34	4800	38	6100	42	7400	46	8700	50	9900	18	10000																															1.3.1150	1.8.1347					*.0.[2,5,6,7,9,10].*.*.[21-40]	1000000	[2,3,4]	100		1	1	使用紫水晶和八卦秘银可装饰所有人界装备的第2个孔，需求21-40级花费金钱1000000
149	22	1200	26	2400	30	3600	34	4800	38	6100	42	7400	46	8700	50	9900	18	10000																															1.3.1150	1.8.1347					*.0.[2,5,6,7,9,10].*.*.[41-60]	1500000	[2,3,4]	100		1	1	使用紫水晶和八卦秘银可装饰所有人界装备的第2个孔，需求41-60级花费金钱1500000
150	22	1200	26	2400	30	3600	34	4800	38	6100	42	7400	46	8700	50	9900	18	10000																															1.3.1150	1.8.1347					*.0.[2,5,6,7,9,10].*.*.[61-80]	2000000	[2,3,4]	100		1	1	使用紫水晶和八卦秘银可装饰所有人界装备的第2个孔，需求61-80级花费金钱2000000
151	22	1200	26	2400	30	3600	34	4800	38	6100	42	7400	46	8700	50	9900	18	10000																															1.3.1150	1.8.1347					*.0.[2,5,6,7,9,10].*.*.[81-100]	2500000	[2,3,4]	100		1	1	使用紫水晶和八卦秘银可装饰所有人界装备的第2个孔，需求81-100级花费金钱2500000
152	22	1200	26	2400	30	3600	34	4800	38	6100	42	7400	46	8700	50	9900	18	10000																															1.3.1150	1.8.1347					*.0.[2,5,6,7,9,10].*.*.[201-300]	2500000	[2,3,4]	100		1	1	使用紫水晶和八卦秘银可装饰所有仙魔界装备的第2个孔，需求1-100级花费金钱2500000
153	6	3135	10	6270	14	9405	18	9500	54	9665	58	9830	62	9995	66	10000																																	1.3.1150	1.8.1345					*.0.0.*<8,12,71,80,81,82,83>.*.[1-20]	500000	[2,3,4]	100		1	1	使用紫水晶和炫彩水银可装饰除鹤嘴锄鲁班斧和鱼竿的第2个孔，需求1-20级花费金钱500000
154	6	3135	10	6270	14	9405	18	9500	54	9665	58	9830	62	9995	66	10000																																	1.3.1150	1.8.1345					*.0.0.*<8,12,71,80,81,82,83>.*.[21-40]	1000000	[2,3,4]	100		1	1	使用紫水晶和炫彩水银可装饰除鹤嘴锄鲁班斧和鱼竿的第2个孔，需求21-40级花费金钱1000000
155	6	3135	10	6270	14	9405	18	9500	54	9665	58	9830	62	9995	66	10000																																	1.3.1150	1.8.1345					*.0.0.*<8,12,71,80,81,82,83>.*.[41-60]	1500000	[2,3,4]	100		1	1	使用紫水晶和炫彩水银可装饰除鹤嘴锄鲁班斧和鱼竿的第2个孔，需求41-60级花费金钱1500000
156	6	3135	10	6270	14	9405	18	9500	54	9665	58	9830	62	9995	66	10000																																	1.3.1150	1.8.1345					*.0.0.*<8,12,71,80,81,82,83>.*.[61-80]	2000000	[2,3,4]	100		1	1	使用紫水晶和炫彩水银可装饰除鹤嘴锄鲁班斧和鱼竿的第2个孔，需求61-80级花费金钱2000000
157	6	3135	10	6270	14	9405	18	9500	54	9665	58	9830	62	9995	66	10000																																	1.3.1150	1.8.1345					*.0.0.*<8,12,71,80,81,82,83>.*.[81-100]	2500000	[2,3,4]	100		1	1	使用紫水晶和炫彩水银可装饰除鹤嘴锄鲁班斧和鱼竿的第2个孔，需求81-100级花费金钱2500000
158	6	3135	10	6270	14	9405	18	9500	54	9665	58	9830	62	9995	66	10000																																	1.3.1150	1.8.1345					*.0.0.*<8,12,71,80,81,82,83>.*.[201-300]	2500000	[2,3,4]	100		1	1	使用紫水晶和炫彩水银可装饰所有仙魔界武器的第2个孔，需求1-100级花费金钱2500000
159	6	3135	10	6270	14	9405	18	9500	54	9665	58	9830	62	9995	66	10000																																	1.3.1150	1.8.1345					*.0.[2,5,6,7,9,10].*.*.[1-20]	500000	[2,3,4]	100		1	1	使用紫水晶和炫彩水银可装饰所有人界装备的第2个孔，需求1-20级花费金钱500000
160	6	3135	10	6270	14	9405	18	9500	54	9665	58	9830	62	9995	66	10000																																	1.3.1150	1.8.1345					*.0.[2,5,6,7,9,10].*.*.[21-40]	1000000	[2,3,4]	100		1	1	使用紫水晶和炫彩水银可装饰所有人界装备的第2个孔，需求21-40级花费金钱1000000
161	6	3135	10	6270	14	9405	18	9500	54	9665	58	9830	62	9995	66	10000																																	1.3.1150	1.8.1345					*.0.[2,5,6,7,9,10].*.*.[41-60]	1500000	[2,3,4]	100		1	1	使用紫水晶和炫彩水银可装饰所有人界装备的第2个孔，需求41-60级花费金钱1500000
162	6	3135	10	6270	14	9405	18	9500	54	9665	58	9830	62	9995	66	10000																																	1.3.1150	1.8.1345					*.0.[2,5,6,7,9,10].*.*.[61-80]	2000000	[2,3,4]	100		1	1	使用紫水晶和炫彩水银可装饰所有人界装备的第2个孔，需求61-80级花费金钱2000000
163	6	3135	10	6270	14	9405	18	9500	54	9665	58	9830	62	9995	66	10000																																	1.3.1150	1.8.1345					*.0.[2,5,6,7,9,10].*.*.[81-100]	2500000	[2,3,4]	100		1	1	使用紫水晶和炫彩水银可装饰所有人界装备的第2个孔，需求81-100级花费金钱2500000
164	6	3135	10	6270	14	9405	18	9500	54	9665	58	9830	62	9995	66	10000																																	1.3.1150	1.8.1345					*.0.[2,5,6,7,9,10].*.*.[201-300]	2500000	[2,3,4]	100		1	1	使用紫水晶和炫彩水银可装饰所有仙魔界装备的第2个孔，需求1-100级花费金钱2500000
165	54	3300	58	6600	62	9900	66	10000																																									1.3.1150	1.8.1346					*.0.0.*<8,12,71,80,81,82,83>.*.[1-20]	500000	[2,3,4]	100		1	1	使用紫水晶和精致炫彩水银可装饰除鹤嘴锄鲁班斧和鱼竿的第2个孔，需求1-20级花费金钱500000
166	54	3300	58	6600	62	9900	66	10000																																									1.3.1150	1.8.1346					*.0.0.*<8,12,71,80,81,82,83>.*.[21-40]	1000000	[2,3,4]	100		1	1	使用紫水晶和精致炫彩水银可装饰除鹤嘴锄鲁班斧和鱼竿的第2个孔，需求21-40级花费金钱1000000
167	54	3300	58	6600	62	9900	66	10000																																									1.3.1150	1.8.1346					*.0.0.*<8,12,71,80,81,82,83>.*.[41-60]	1500000	[2,3,4]	100		1	1	使用紫水晶和精致炫彩水银可装饰除鹤嘴锄鲁班斧和鱼竿的第2个孔，需求41-60级花费金钱1500000
168	54	3300	58	6600	62	9900	66	10000																																									1.3.1150	1.8.1346					*.0.0.*<8,12,71,80,81,82,83>.*.[61-80]	2000000	[2,3,4]	100		1	1	使用紫水晶和精致炫彩水银可装饰除鹤嘴锄鲁班斧和鱼竿的第2个孔，需求61-80级花费金钱2000000
169	54	3300	58	6600	62	9900	66	10000																																									1.3.1150	1.8.1346					*.0.0.*<8,12,71,80,81,82,83>.*.[81-100]	2500000	[2,3,4]	100		1	1	使用紫水晶和精致炫彩水银可装饰除鹤嘴锄鲁班斧和鱼竿的第2个孔，需求81-100级花费金钱2500000
170	54	3300	58	6600	62	9900	66	10000																																									1.3.1150	1.8.1346					*.0.0.*<8,12,71,80,81,82,83>.*.[201-300]	2500000	[2,3,4]	100		1	1	使用紫水晶和精致炫彩水银可装饰所有仙魔界武器的第2个孔，需求1-100级花费金钱2500000
171	54	3300	58	6600	62	9900	66	10000																																									1.3.1150	1.8.1346					*.0.[2,5,6,7,9,10].*.*.[1-20]	500000	[2,3,4]	100		1	1	使用紫水晶和精致炫彩水银可装饰所有人界装备的第2个孔，需求1-20级花费金钱500000
172	54	3300	58	6600	62	9900	66	10000																																									1.3.1150	1.8.1346					*.0.[2,5,6,7,9,10].*.*.[21-40]	1000000	[2,3,4]	100		1	1	使用紫水晶和精致炫彩水银可装饰所有人界装备的第2个孔，需求21-40级花费金钱1000000
173	54	3300	58	6600	62	9900	66	10000																																									1.3.1150	1.8.1346					*.0.[2,5,6,7,9,10].*.*.[41-60]	1500000	[2,3,4]	100		1	1	使用紫水晶和精致炫彩水银可装饰所有人界装备的第2个孔，需求41-60级花费金钱1500000
174	54	3300	58	6600	62	9900	66	10000																																									1.3.1150	1.8.1346					*.0.[2,5,6,7,9,10].*.*.[61-80]	2000000	[2,3,4]	100		1	1	使用紫水晶和精致炫彩水银可装饰所有人界装备的第2个孔，需求61-80级花费金钱2000000
175	54	3300	58	6600	62	9900	66	10000																																									1.3.1150	1.8.1346					*.0.[2,5,6,7,9,10].*.*.[81-100]	2500000	[2,3,4]	100		1	1	使用紫水晶和精致炫彩水银可装饰所有人界装备的第2个孔，需求81-100级花费金钱2500000
176	54	3300	58	6600	62	9900	66	10000																																									1.3.1150	1.8.1346					*.0.[2,5,6,7,9,10].*.*.[201-300]	2500000	[2,3,4]	100		1	1	使用紫水晶和精致炫彩水银可装饰所有仙魔界装备的第2个孔，需求1-100级花费金钱2500000
177	22	1140	26	2280	30	3420	34	4560	38	5795	42	7030	46	8265	50	9405	18	9500	70	9560	74	9620	78	9680	82	9740	86	9805	90	9870	94	9935	98	9995	66	10000													1.3.1150	1.8.1347	1.8.1345				*.0.0.*<8,12,71,80,81,82,83>.*.[1-20]	500000	[2,3,4]	100		1	1	使用紫水晶、八卦秘银和炫彩水银可装饰除鹤嘴锄鲁班斧和鱼竿的第2个孔，需求1-20级花费金钱500000
178	22	1140	26	2280	30	3420	34	4560	38	5795	42	7030	46	8265	50	9405	18	9500	70	9560	74	9620	78	9680	82	9740	86	9805	90	9870	94	9935	98	9995	66	10000													1.3.1150	1.8.1347	1.8.1345				*.0.0.*<8,12,71,80,81,82,83>.*.[21-40]	1000000	[2,3,4]	100		1	1	使用紫水晶、八卦秘银和炫彩水银可装饰除鹤嘴锄鲁班斧和鱼竿的第2个孔，需求21-40级花费金钱1000000
179	22	1140	26	2280	30	3420	34	4560	38	5795	42	7030	46	8265	50	9405	18	9500	70	9560	74	9620	78	9680	82	9740	86	9805	90	9870	94	9935	98	9995	66	10000													1.3.1150	1.8.1347	1.8.1345				*.0.0.*<8,12,71,80,81,82,83>.*.[41-60]	1500000	[2,3,4]	100		1	1	使用紫水晶、八卦秘银和炫彩水银可装饰除鹤嘴锄鲁班斧和鱼竿的第2个孔，需求41-60级花费金钱1500000
180	22	1140	26	2280	30	3420	34	4560	38	5795	42	7030	46	8265	50	9405	18	9500	70	9560	74	9620	78	9680	82	9740	86	9805	90	9870	94	9935	98	9995	66	10000													1.3.1150	1.8.1347	1.8.1345				*.0.0.*<8,12,71,80,81,82,83>.*.[61-80]	2000000	[2,3,4]	100		1	1	使用紫水晶、八卦秘银和炫彩水银可装饰除鹤嘴锄鲁班斧和鱼竿的第2个孔，需求61-80级花费金钱2000000
181	22	1140	26	2280	30	3420	34	4560	38	5795	42	7030	46	8265	50	9405	18	9500	70	9560	74	9620	78	9680	82	9740	86	9805	90	9870	94	9935	98	9995	66	10000													1.3.1150	1.8.1347	1.8.1345				*.0.0.*<8,12,71,80,81,82,83>.*.[81-100]	2500000	[2,3,4]	100		1	1	使用紫水晶、八卦秘银和炫彩水银可装饰除鹤嘴锄鲁班斧和鱼竿的第2个孔，需求81-100级花费金钱2500000
182	22	1140	26	2280	30	3420	34	4560	38	5795	42	7030	46	8265	50	9405	18	9500	70	9560	74	9620	78	9680	82	9740	86	9805	90	9870	94	9935	98	9995	66	10000													1.3.1150	1.8.1347	1.8.1345				*.0.0.*<8,12,71,80,81,82,83>.*.[201-300]	2500000	[2,3,4]	100		1	1	使用紫水晶、八卦秘银和炫彩水银可装饰所有仙魔界武器的第2个孔，需求1-100级花费金钱2500000
183	22	1140	26	2280	30	3420	34	4560	38	5795	42	7030	46	8265	50	9405	18	9500	70	9560	74	9620	78	9680	82	9740	86	9805	90	9870	94	9935	98	9995	66	10000													1.3.1150	1.8.1347	1.8.1345				*.0.[2,5,6,7,9,10].*.*.[1-20]	500000	[2,3,4]	100		1	1	使用紫水晶、八卦秘银和炫彩水银可装饰所有人界装备的第2个孔，需求1-20级花费金钱500000
184	22	1140	26	2280	30	3420	34	4560	38	5795	42	7030	46	8265	50	9405	18	9500	70	9560	74	9620	78	9680	82	9740	86	9805	90	9870	94	9935	98	9995	66	10000													1.3.1150	1.8.1347	1.8.1345				*.0.[2,5,6,7,9,10].*.*.[21-40]	1000000	[2,3,4]	100		1	1	使用紫水晶、八卦秘银和炫彩水银可装饰所有人界装备的第2个孔，需求21-40级花费金钱1000000
185	22	1140	26	2280	30	3420	34	4560	38	5795	42	7030	46	8265	50	9405	18	9500	70	9560	74	9620	78	9680	82	9740	86	9805	90	9870	94	9935	98	9995	66	10000													1.3.1150	1.8.1347	1.8.1345				*.0.[2,5,6,7,9,10].*.*.[41-60]	1500000	[2,3,4]	100		1	1	使用紫水晶、八卦秘银和炫彩水银可装饰所有人界装备的第2个孔，需求41-60级花费金钱1500000
186	22	1140	26	2280	30	3420	34	4560	38	5795	42	7030	46	8265	50	9405	18	9500	70	9560	74	9620	78	9680	82	9740	86	9805	90	9870	94	9935	98	9995	66	10000													1.3.1150	1.8.1347	1.8.1345				*.0.[2,5,6,7,9,10].*.*.[61-80]	2000000	[2,3,4]	100		1	1	使用紫水晶、八卦秘银和炫彩水银可装饰所有人界装备的第2个孔，需求61-80级花费金钱2000000
187	22	1140	26	2280	30	3420	34	4560	38	5795	42	7030	46	8265	50	9405	18	9500	70	9560	74	9620	78	9680	82	9740	86	9805	90	9870	94	9935	98	9995	66	10000													1.3.1150	1.8.1347	1.8.1345				*.0.[2,5,6,7,9,10].*.*.[81-100]	2500000	[2,3,4]	100		1	1	使用紫水晶、八卦秘银和炫彩水银可装饰所有人界装备的第2个孔，需求81-100级花费金钱2500000
188	22	1140	26	2280	30	3420	34	4560	38	5795	42	7030	46	8265	50	9405	18	9500	70	9560	74	9620	78	9680	82	9740	86	9805	90	9870	94	9935	98	9995	66	10000													1.3.1150	1.8.1347	1.8.1345				*.0.[2,5,6,7,9,10].*.*.[201-300]	2500000	[2,3,4]	100		1	1	使用紫水晶、八卦秘银和炫彩水银可装饰所有仙魔界装备的第2个孔，需求1-100级花费金钱2500000
189	70	1200	74	2400	78	3600	82	4800	86	6100	90	7400	94	8700	98	9900	66	10000																															1.3.1150	1.8.1347	1.8.1346				*.0.0.*<8,12,71,80,81,82,83>.*.[1-20]	500000	[2,3,4]	100		1	1	使用紫水晶、八卦秘银和精致炫彩水银可装饰除鹤嘴锄鲁班斧和鱼竿的第2个孔，需求1-20级花费金钱500000
190	70	1200	74	2400	78	3600	82	4800	86	6100	90	7400	94	8700	98	9900	66	10000																															1.3.1150	1.8.1347	1.8.1346				*.0.0.*<8,12,71,80,81,82,83>.*.[21-40]	1000000	[2,3,4]	100		1	1	使用紫水晶、八卦秘银和精致炫彩水银可装饰除鹤嘴锄鲁班斧和鱼竿的第2个孔，需求21-40级花费金钱1000000
191	70	1200	74	2400	78	3600	82	4800	86	6100	90	7400	94	8700	98	9900	66	10000																															1.3.1150	1.8.1347	1.8.1346				*.0.0.*<8,12,71,80,81,82,83>.*.[41-60]	1500000	[2,3,4]	100		1	1	使用紫水晶、八卦秘银和精致炫彩水银可装饰除鹤嘴锄鲁班斧和鱼竿的第2个孔，需求41-60级花费金钱1500000
192	70	1200	74	2400	78	3600	82	4800	86	6100	90	7400	94	8700	98	9900	66	10000																															1.3.1150	1.8.1347	1.8.1346				*.0.0.*<8,12,71,80,81,82,83>.*.[61-80]	2000000	[2,3,4]	100		1	1	使用紫水晶、八卦秘银和精致炫彩水银可装饰除鹤嘴锄鲁班斧和鱼竿的第2个孔，需求61-80级花费金钱2000000
193	70	1200	74	2400	78	3600	82	4800	86	6100	90	7400	94	8700	98	9900	66	10000																															1.3.1150	1.8.1347	1.8.1346				*.0.0.*<8,12,71,80,81,82,83>.*.[81-100]	2500000	[2,3,4]	100		1	1	使用紫水晶、八卦秘银和精致炫彩水银可装饰除鹤嘴锄鲁班斧和鱼竿的第2个孔，需求81-100级花费金钱2500000
194	70	1200	74	2400	78	3600	82	4800	86	6100	90	7400	94	8700	98	9900	66	10000																															1.3.1150	1.8.1347	1.8.1346				*.0.0.*<8,12,71,80,81,82,83>.*.[201-300]	2500000	[2,3,4]	100		1	1	使用紫水晶、八卦秘银和精致炫彩水银可装饰所有仙魔界武器的第2个孔，需求1-100级花费金钱2500000
195	70	1200	74	2400	78	3600	82	4800	86	6100	90	7400	94	8700	98	9900	66	10000																															1.3.1150	1.8.1347	1.8.1346				*.0.[2,5,6,7,9,10].*.*.[1-20]	500000	[2,3,4]	100		1	1	使用紫水晶、八卦秘银和精致炫彩水银可装饰所有人界装备的第2个孔，需求1-20级花费金钱500000
196	70	1200	74	2400	78	3600	82	4800	86	6100	90	7400	94	8700	98	9900	66	10000																															1.3.1150	1.8.1347	1.8.1346				*.0.[2,5,6,7,9,10].*.*.[21-40]	1000000	[2,3,4]	100		1	1	使用紫水晶、八卦秘银和精致炫彩水银可装饰所有人界装备的第2个孔，需求21-40级花费金钱1000000
197	70	1200	74	2400	78	3600	82	4800	86	6100	90	7400	94	8700	98	9900	66	10000																															1.3.1150	1.8.1347	1.8.1346				*.0.[2,5,6,7,9,10].*.*.[41-60]	1500000	[2,3,4]	100		1	1	使用紫水晶、八卦秘银和精致炫彩水银可装饰所有人界装备的第2个孔，需求41-60级花费金钱1500000
198	70	1200	74	2400	78	3600	82	4800	86	6100	90	7400	94	8700	98	9900	66	10000																															1.3.1150	1.8.1347	1.8.1346				*.0.[2,5,6,7,9,10].*.*.[61-80]	2000000	[2,3,4]	100		1	1	使用紫水晶、八卦秘银和精致炫彩水银可装饰所有人界装备的第2个孔，需求61-80级花费金钱2000000
199	70	1200	74	2400	78	3600	82	4800	86	6100	90	7400	94	8700	98	9900	66	10000																															1.3.1150	1.8.1347	1.8.1346				*.0.[2,5,6,7,9,10].*.*.[81-100]	2500000	[2,3,4]	100		1	1	使用紫水晶、八卦秘银和精致炫彩水银可装饰所有人界装备的第2个孔，需求81-100级花费金钱2500000
200	70	1200	74	2400	78	3600	82	4800	86	6100	90	7400	94	8700	98	9900	66	10000																															1.3.1150	1.8.1347	1.8.1346				*.0.[2,5,6,7,9,10].*.*.[201-300]	2500000	[2,3,4]	100		1	1	使用紫水晶、八卦秘银和精致炫彩水银可装饰所有仙魔界装备的第2个孔，需求1-100级花费金钱2500000
201	7	3300	11	6600	15	9900	19	10000																																									1.3.1151						*.0.0.*<8,12,71,80,81,82,83>.*.[1-20]	800000	[3,4]	100		1	2	使用紫宝石可装饰除鹤嘴锄鲁班斧和鱼竿的第3个孔，需求1-20级花费金钱800000
202	7	3300	11	6600	15	9900	19	10000																																									1.3.1151						*.0.0.*<8,12,71,80,81,82,83>.*.[21-40]	1600000	[3,4]	100		1	2	使用紫宝石可装饰除鹤嘴锄鲁班斧和鱼竿的第3个孔，需求21-40级花费金钱1600000
203	7	3300	11	6600	15	9900	19	10000																																									1.3.1151						*.0.0.*<8,12,71,80,81,82,83>.*.[41-60]	2400000	[3,4]	100		1	2	使用紫宝石可装饰除鹤嘴锄鲁班斧和鱼竿的第3个孔，需求41-60级花费金钱2400000
204	7	3300	11	6600	15	9900	19	10000																																									1.3.1151						*.0.0.*<8,12,71,80,81,82,83>.*.[61-80]	3200000	[3,4]	100		1	2	使用紫宝石可装饰除鹤嘴锄鲁班斧和鱼竿的第3个孔，需求61-80级花费金钱3200000
205	7	3300	11	6600	15	9900	19	10000																																									1.3.1151						*.0.0.*<8,12,71,80,81,82,83>.*.[81-100]	4000000	[3,4]	100		1	2	使用紫宝石可装饰除鹤嘴锄鲁班斧和鱼竿的第3个孔，需求81-100级花费金钱4000000
206	7	3300	11	6600	15	9900	19	10000																																									1.3.1151						*.0.0.*<8,12,71,80,81,82,83>.*.[201-300]	4000000	[3,4]	100		1	2	使用紫宝石可装饰所有仙魔界武器的第3个孔，需求1-100级花费金钱4000000
207	7	3300	11	6600	15	9900	19	10000																																									1.3.1151						*.0.[2,5,6,7,9,10].*.*.[1-20]	800000	[3,4]	100		1	2	使用紫宝石可装饰所有人界装备的第3个孔，需求1-20级花费金钱800000
208	7	3300	11	6600	15	9900	19	10000																																									1.3.1151						*.0.[2,5,6,7,9,10].*.*.[21-40]	1600000	[3,4]	100		1	2	使用紫宝石可装饰所有人界装备的第3个孔，需求21-40级花费金钱1600000
209	7	3300	11	6600	15	9900	19	10000																																									1.3.1151						*.0.[2,5,6,7,9,10].*.*.[41-60]	2400000	[3,4]	100		1	2	使用紫宝石可装饰所有人界装备的第3个孔，需求41-60级花费金钱2400000
210	7	3300	11	6600	15	9900	19	10000																																									1.3.1151						*.0.[2,5,6,7,9,10].*.*.[61-80]	3200000	[3,4]	100		1	2	使用紫宝石可装饰所有人界装备的第3个孔，需求61-80级花费金钱3200000
211	7	3300	11	6600	15	9900	19	10000																																									1.3.1151						*.0.[2,5,6,7,9,10].*.*.[81-100]	4000000	[3,4]	100		1	2	使用紫宝石可装饰所有人界装备的第3个孔，需求81-100级花费金钱4000000
212	7	3300	11	6600	15	9900	19	10000																																									1.3.1151						*.0.[2,5,6,7,9,10].*.*.[201-300]	4000000	[3,4]	100		1	2	使用紫宝石可装饰所有仙魔界装备的第3个孔，需求1-100级花费金钱4000000
213	23	1200	27	2400	31	3600	35	4800	39	6100	43	7400	47	8700	51	9900	19	10000																															1.3.1151	1.8.1347					*.0.0.*<8,12,71,80,81,82,83>.*.[1-20]	800000	[3,4]	100		1	2	使用紫宝石和八卦秘银可装饰除鹤嘴锄鲁班斧和鱼竿的第3个孔，需求1-20级花费金钱800000
214	23	1200	27	2400	31	3600	35	4800	39	6100	43	7400	47	8700	51	9900	19	10000																															1.3.1151	1.8.1347					*.0.0.*<8,12,71,80,81,82,83>.*.[21-40]	1600000	[3,4]	100		1	2	使用紫宝石和八卦秘银可装饰除鹤嘴锄鲁班斧和鱼竿的第3个孔，需求21-40级花费金钱1600000
215	23	1200	27	2400	31	3600	35	4800	39	6100	43	7400	47	8700	51	9900	19	10000																															1.3.1151	1.8.1347					*.0.0.*<8,12,71,80,81,82,83>.*.[41-60]	2400000	[3,4]	100		1	2	使用紫宝石和八卦秘银可装饰除鹤嘴锄鲁班斧和鱼竿的第3个孔，需求41-60级花费金钱2400000
216	23	1200	27	2400	31	3600	35	4800	39	6100	43	7400	47	8700	51	9900	19	10000																															1.3.1151	1.8.1347					*.0.0.*<8,12,71,80,81,82,83>.*.[61-80]	3200000	[3,4]	100		1	2	使用紫宝石和八卦秘银可装饰除鹤嘴锄鲁班斧和鱼竿的第3个孔，需求61-80级花费金钱3200000
217	23	1200	27	2400	31	3600	35	4800	39	6100	43	7400	47	8700	51	9900	19	10000																															1.3.1151	1.8.1347					*.0.0.*<8,12,71,80,81,82,83>.*.[81-100]	4000000	[3,4]	100		1	2	使用紫宝石和八卦秘银可装饰除鹤嘴锄鲁班斧和鱼竿的第3个孔，需求81-100级花费金钱4000000
218	23	1200	27	2400	31	3600	35	4800	39	6100	43	7400	47	8700	51	9900	19	10000																															1.3.1151	1.8.1347					*.0.0.*<8,12,71,80,81,82,83>.*.[201-300]	4000000	[3,4]	100		1	2	使用紫宝石和八卦秘银可装饰所有仙魔界武器的第3个孔，需求1-100级花费金钱4000000
219	23	1200	27	2400	31	3600	35	4800	39	6100	43	7400	47	8700	51	9900	19	10000																															1.3.1151	1.8.1347					*.0.[2,5,6,7,9,10].*.*.[1-20]	800000	[3,4]	100		1	2	使用紫宝石和八卦秘银可装饰所有人界装备的第3个孔，需求1-20级花费金钱800000
220	23	1200	27	2400	31	3600	35	4800	39	6100	43	7400	47	8700	51	9900	19	10000																															1.3.1151	1.8.1347					*.0.[2,5,6,7,9,10].*.*.[21-40]	1600000	[3,4]	100		1	2	使用紫宝石和八卦秘银可装饰所有人界装备的第3个孔，需求21-40级花费金钱1600000
221	23	1200	27	2400	31	3600	35	4800	39	6100	43	7400	47	8700	51	9900	19	10000																															1.3.1151	1.8.1347					*.0.[2,5,6,7,9,10].*.*.[41-60]	2400000	[3,4]	100		1	2	使用紫宝石和八卦秘银可装饰所有人界装备的第3个孔，需求41-60级花费金钱2400000
222	23	1200	27	2400	31	3600	35	4800	39	6100	43	7400	47	8700	51	9900	19	10000																															1.3.1151	1.8.1347					*.0.[2,5,6,7,9,10].*.*.[61-80]	3200000	[3,4]	100		1	2	使用紫宝石和八卦秘银可装饰所有人界装备的第3个孔，需求61-80级花费金钱3200000
223	23	1200	27	2400	31	3600	35	4800	39	6100	43	7400	47	8700	51	9900	19	10000																															1.3.1151	1.8.1347					*.0.[2,5,6,7,9,10].*.*.[81-100]	4000000	[3,4]	100		1	2	使用紫宝石和八卦秘银可装饰所有人界装备的第3个孔，需求81-100级花费金钱4000000
224	23	1200	27	2400	31	3600	35	4800	39	6100	43	7400	47	8700	51	9900	19	10000																															1.3.1151	1.8.1347					*.0.[2,5,6,7,9,10].*.*.[201-300]	4000000	[3,4]	100		1	2	使用紫宝石和八卦秘银可装饰所有仙魔界装备的第3个孔，需求1-100级花费金钱4000000
225	7	3135	11	6270	15	9405	19	9500	55	9665	59	9830	63	9995	67	10000																																	1.3.1151	1.8.1345					*.0.0.*<8,12,71,80,81,82,83>.*.[1-20]	800000	[3,4]	100		1	2	使用紫宝石和炫彩水银可装饰除鹤嘴锄鲁班斧和鱼竿的第3个孔，需求1-20级花费金钱800000
226	7	3135	11	6270	15	9405	19	9500	55	9665	59	9830	63	9995	67	10000																																	1.3.1151	1.8.1345					*.0.0.*<8,12,71,80,81,82,83>.*.[21-40]	1600000	[3,4]	100		1	2	使用紫宝石和炫彩水银可装饰除鹤嘴锄鲁班斧和鱼竿的第3个孔，需求21-40级花费金钱1600000
227	7	3135	11	6270	15	9405	19	9500	55	9665	59	9830	63	9995	67	10000																																	1.3.1151	1.8.1345					*.0.0.*<8,12,71,80,81,82,83>.*.[41-60]	2400000	[3,4]	100		1	2	使用紫宝石和炫彩水银可装饰除鹤嘴锄鲁班斧和鱼竿的第3个孔，需求41-60级花费金钱2400000
228	7	3135	11	6270	15	9405	19	9500	55	9665	59	9830	63	9995	67	10000																																	1.3.1151	1.8.1345					*.0.0.*<8,12,71,80,81,82,83>.*.[61-80]	3200000	[3,4]	100		1	2	使用紫宝石和炫彩水银可装饰除鹤嘴锄鲁班斧和鱼竿的第3个孔，需求61-80级花费金钱3200000
229	7	3135	11	6270	15	9405	19	9500	55	9665	59	9830	63	9995	67	10000																																	1.3.1151	1.8.1345					*.0.0.*<8,12,71,80,81,82,83>.*.[81-100]	4000000	[3,4]	100		1	2	使用紫宝石和炫彩水银可装饰除鹤嘴锄鲁班斧和鱼竿的第3个孔，需求81-100级花费金钱4000000
230	7	3135	11	6270	15	9405	19	9500	55	9665	59	9830	63	9995	67	10000																																	1.3.1151	1.8.1345					*.0.0.*<8,12,71,80,81,82,83>.*.[201-300]	4000000	[3,4]	100		1	2	使用紫宝石和炫彩水银可装饰所有仙魔界武器的第3个孔，需求1-100级花费金钱4000000
231	7	3135	11	6270	15	9405	19	9500	55	9665	59	9830	63	9995	67	10000																																	1.3.1151	1.8.1345					*.0.[2,5,6,7,9,10].*.*.[1-20]	800000	[3,4]	100		1	2	使用紫宝石和炫彩水银可装饰所有人界装备的第3个孔，需求1-20级花费金钱800000
232	7	3135	11	6270	15	9405	19	9500	55	9665	59	9830	63	9995	67	10000																																	1.3.1151	1.8.1345					*.0.[2,5,6,7,9,10].*.*.[21-40]	1600000	[3,4]	100		1	2	使用紫宝石和炫彩水银可装饰所有人界装备的第3个孔，需求21-40级花费金钱1600000
233	7	3135	11	6270	15	9405	19	9500	55	9665	59	9830	63	9995	67	10000																																	1.3.1151	1.8.1345					*.0.[2,5,6,7,9,10].*.*.[41-60]	2400000	[3,4]	100		1	2	使用紫宝石和炫彩水银可装饰所有人界装备的第3个孔，需求41-60级花费金钱2400000
234	7	3135	11	6270	15	9405	19	9500	55	9665	59	9830	63	9995	67	10000																																	1.3.1151	1.8.1345					*.0.[2,5,6,7,9,10].*.*.[61-80]	3200000	[3,4]	100		1	2	使用紫宝石和炫彩水银可装饰所有人界装备的第3个孔，需求61-80级花费金钱3200000
235	7	3135	11	6270	15	9405	19	9500	55	9665	59	9830	63	9995	67	10000																																	1.3.1151	1.8.1345					*.0.[2,5,6,7,9,10].*.*.[81-100]	4000000	[3,4]	100		1	2	使用紫宝石和炫彩水银可装饰所有人界装备的第3个孔，需求81-100级花费金钱4000000
236	7	3135	11	6270	15	9405	19	9500	55	9665	59	9830	63	9995	67	10000																																	1.3.1151	1.8.1345					*.0.[2,5,6,7,9,10].*.*.[201-300]	4000000	[3,4]	100		1	2	使用紫宝石和炫彩水银可装饰所有仙魔界装备的第3个孔，需求1-100级花费金钱4000000
237	55	3300	59	6600	63	9900	67	10000																																									1.3.1151	1.8.1346					*.0.0.*<8,12,71,80,81,82,83>.*.[1-20]	800000	[3,4]	100		1	2	使用紫宝石和精致炫彩水银可装饰除鹤嘴锄鲁班斧和鱼竿的第3个孔，需求1-20级花费金钱800000
238	55	3300	59	6600	63	9900	67	10000																																									1.3.1151	1.8.1346					*.0.0.*<8,12,71,80,81,82,83>.*.[21-40]	1600000	[3,4]	100		1	2	使用紫宝石和精致炫彩水银可装饰除鹤嘴锄鲁班斧和鱼竿的第3个孔，需求21-40级花费金钱1600000
239	55	3300	59	6600	63	9900	67	10000																																									1.3.1151	1.8.1346					*.0.0.*<8,12,71,80,81,82,83>.*.[41-60]	2400000	[3,4]	100		1	2	使用紫宝石和精致炫彩水银可装饰除鹤嘴锄鲁班斧和鱼竿的第3个孔，需求41-60级花费金钱2400000
240	55	3300	59	6600	63	9900	67	10000																																									1.3.1151	1.8.1346					*.0.0.*<8,12,71,80,81,82,83>.*.[61-80]	3200000	[3,4]	100		1	2	使用紫宝石和精致炫彩水银可装饰除鹤嘴锄鲁班斧和鱼竿的第3个孔，需求61-80级花费金钱3200000
241	55	3300	59	6600	63	9900	67	10000																																									1.3.1151	1.8.1346					*.0.0.*<8,12,71,80,81,82,83>.*.[81-100]	4000000	[3,4]	100		1	2	使用紫宝石和精致炫彩水银可装饰除鹤嘴锄鲁班斧和鱼竿的第3个孔，需求81-100级花费金钱4000000
242	55	3300	59	6600	63	9900	67	10000																																									1.3.1151	1.8.1346					*.0.0.*<8,12,71,80,81,82,83>.*.[201-300]	4000000	[3,4]	100		1	2	使用紫宝石和精致炫彩水银可装饰所有仙魔界武器的第3个孔，需求1-100级花费金钱4000000
243	55	3300	59	6600	63	9900	67	10000																																									1.3.1151	1.8.1346					*.0.[2,5,6,7,9,10].*.*.[1-20]	800000	[3,4]	100		1	2	使用紫宝石和精致炫彩水银可装饰所有人界装备的第3个孔，需求1-20级花费金钱800000
244	55	3300	59	6600	63	9900	67	10000																																									1.3.1151	1.8.1346					*.0.[2,5,6,7,9,10].*.*.[21-40]	1600000	[3,4]	100		1	2	使用紫宝石和精致炫彩水银可装饰所有人界装备的第3个孔，需求21-40级花费金钱1600000
245	55	3300	59	6600	63	9900	67	10000																																									1.3.1151	1.8.1346					*.0.[2,5,6,7,9,10].*.*.[41-60]	2400000	[3,4]	100		1	2	使用紫宝石和精致炫彩水银可装饰所有人界装备的第3个孔，需求41-60级花费金钱2400000
246	55	3300	59	6600	63	9900	67	10000																																									1.3.1151	1.8.1346					*.0.[2,5,6,7,9,10].*.*.[61-80]	3200000	[3,4]	100		1	2	使用紫宝石和精致炫彩水银可装饰所有人界装备的第3个孔，需求61-80级花费金钱3200000
247	55	3300	59	6600	63	9900	67	10000																																									1.3.1151	1.8.1346					*.0.[2,5,6,7,9,10].*.*.[81-100]	4000000	[3,4]	100		1	2	使用紫宝石和精致炫彩水银可装饰所有人界装备的第3个孔，需求81-100级花费金钱4000000
248	55	3300	59	6600	63	9900	67	10000																																									1.3.1151	1.8.1346					*.0.[2,5,6,7,9,10].*.*.[201-300]	4000000	[3,4]	100		1	2	使用紫宝石和精致炫彩水银可装饰所有仙魔界装备的第3个孔，需求1-100级花费金钱4000000
249	23	1140	27	2280	31	3420	35	4560	39	5795	43	7030	47	8265	51	9405	19	9500	71	9560	75	9620	79	9680	83	9740	87	9805	91	9870	95	9935	99	9995	67	10000													1.3.1151	1.8.1347	1.8.1345				*.0.0.*<8,12,71,80,81,82,83>.*.[1-20]	800000	[3,4]	100		1	2	使用紫宝石、八卦秘银和炫彩水银可装饰除鹤嘴锄鲁班斧和鱼竿的第3个孔，需求1-20级花费金钱800000
250	23	1140	27	2280	31	3420	35	4560	39	5795	43	7030	47	8265	51	9405	19	9500	71	9560	75	9620	79	9680	83	9740	87	9805	91	9870	95	9935	99	9995	67	10000													1.3.1151	1.8.1347	1.8.1345				*.0.0.*<8,12,71,80,81,82,83>.*.[21-40]	1600000	[3,4]	100		1	2	使用紫宝石、八卦秘银和炫彩水银可装饰除鹤嘴锄鲁班斧和鱼竿的第3个孔，需求21-40级花费金钱1600000
251	23	1140	27	2280	31	3420	35	4560	39	5795	43	7030	47	8265	51	9405	19	9500	71	9560	75	9620	79	9680	83	9740	87	9805	91	9870	95	9935	99	9995	67	10000													1.3.1151	1.8.1347	1.8.1345				*.0.0.*<8,12,71,80,81,82,83>.*.[41-60]	2400000	[3,4]	100		1	2	使用紫宝石、八卦秘银和炫彩水银可装饰除鹤嘴锄鲁班斧和鱼竿的第3个孔，需求41-60级花费金钱2400000
252	23	1140	27	2280	31	3420	35	4560	39	5795	43	7030	47	8265	51	9405	19	9500	71	9560	75	9620	79	9680	83	9740	87	9805	91	9870	95	9935	99	9995	67	10000													1.3.1151	1.8.1347	1.8.1345				*.0.0.*<8,12,71,80,81,82,83>.*.[61-80]	3200000	[3,4]	100		1	2	使用紫宝石、八卦秘银和炫彩水银可装饰除鹤嘴锄鲁班斧和鱼竿的第3个孔，需求61-80级花费金钱3200000
253	23	1140	27	2280	31	3420	35	4560	39	5795	43	7030	47	8265	51	9405	19	9500	71	9560	75	9620	79	9680	83	9740	87	9805	91	9870	95	9935	99	9995	67	10000													1.3.1151	1.8.1347	1.8.1345				*.0.0.*<8,12,71,80,81,82,83>.*.[81-100]	4000000	[3,4]	100		1	2	使用紫宝石、八卦秘银和炫彩水银可装饰除鹤嘴锄鲁班斧和鱼竿的第3个孔，需求81-100级花费金钱4000000
254	23	1140	27	2280	31	3420	35	4560	39	5795	43	7030	47	8265	51	9405	19	9500	71	9560	75	9620	79	9680	83	9740	87	9805	91	9870	95	9935	99	9995	67	10000													1.3.1151	1.8.1347	1.8.1345				*.0.0.*<8,12,71,80,81,82,83>.*.[201-300]	4000000	[3,4]	100		1	2	使用紫宝石、八卦秘银和炫彩水银可装饰所有仙魔界武器的第3个孔，需求1-100级花费金钱4000000
255	23	1140	27	2280	31	3420	35	4560	39	5795	43	7030	47	8265	51	9405	19	9500	71	9560	75	9620	79	9680	83	9740	87	9805	91	9870	95	9935	99	9995	67	10000													1.3.1151	1.8.1347	1.8.1345				*.0.[2,5,6,7,9,10].*.*.[1-20]	800000	[3,4]	100		1	2	使用紫宝石、八卦秘银和炫彩水银可装饰所有人界装备的第3个孔，需求1-20级花费金钱800000
256	23	1140	27	2280	31	3420	35	4560	39	5795	43	7030	47	8265	51	9405	19	9500	71	9560	75	9620	79	9680	83	9740	87	9805	91	9870	95	9935	99	9995	67	10000													1.3.1151	1.8.1347	1.8.1345				*.0.[2,5,6,7,9,10].*.*.[21-40]	1600000	[3,4]	100		1	2	使用紫宝石、八卦秘银和炫彩水银可装饰所有人界装备的第3个孔，需求21-40级花费金钱1600000
257	23	1140	27	2280	31	3420	35	4560	39	5795	43	7030	47	8265	51	9405	19	9500	71	9560	75	9620	79	9680	83	9740	87	9805	91	9870	95	9935	99	9995	67	10000													1.3.1151	1.8.1347	1.8.1345				*.0.[2,5,6,7,9,10].*.*.[41-60]	2400000	[3,4]	100		1	2	使用紫宝石、八卦秘银和炫彩水银可装饰所有人界装备的第3个孔，需求41-60级花费金钱2400000
258	23	1140	27	2280	31	3420	35	4560	39	5795	43	7030	47	8265	51	9405	19	9500	71	9560	75	9620	79	9680	83	9740	87	9805	91	9870	95	9935	99	9995	67	10000													1.3.1151	1.8.1347	1.8.1345				*.0.[2,5,6,7,9,10].*.*.[61-80]	3200000	[3,4]	100		1	2	使用紫宝石、八卦秘银和炫彩水银可装饰所有人界装备的第3个孔，需求61-80级花费金钱3200000
259	23	1140	27	2280	31	3420	35	4560	39	5795	43	7030	47	8265	51	9405	19	9500	71	9560	75	9620	79	9680	83	9740	87	9805	91	9870	95	9935	99	9995	67	10000													1.3.1151	1.8.1347	1.8.1345				*.0.[2,5,6,7,9,10].*.*.[81-100]	4000000	[3,4]	100		1	2	使用紫宝石、八卦秘银和炫彩水银可装饰所有人界装备的第3个孔，需求81-100级花费金钱4000000
260	23	1140	27	2280	31	3420	35	4560	39	5795	43	7030	47	8265	51	9405	19	9500	71	9560	75	9620	79	9680	83	9740	87	9805	91	9870	95	9935	99	9995	67	10000													1.3.1151	1.8.1347	1.8.1345				*.0.[2,5,6,7,9,10].*.*.[201-300]	4000000	[3,4]	100		1	2	使用紫宝石、八卦秘银和炫彩水银可装饰所有仙魔界装备的第3个孔，需求1-100级花费金钱4000000
261	71	1200	75	2400	79	3600	83	4800	87	6100	91	7400	95	8700	99	9900	67	10000																															1.3.1151	1.8.1347	1.8.1346				*.0.0.*<8,12,71,80,81,82,83>.*.[1-20]	800000	[3,4]	100		1	2	使用紫宝石、八卦秘银和精致炫彩水银可装饰除鹤嘴锄鲁班斧和鱼竿的第3个孔，需求1-20级花费金钱800000
262	71	1200	75	2400	79	3600	83	4800	87	6100	91	7400	95	8700	99	9900	67	10000																															1.3.1151	1.8.1347	1.8.1346				*.0.0.*<8,12,71,80,81,82,83>.*.[21-40]	1600000	[3,4]	100		1	2	使用紫宝石、八卦秘银和精致炫彩水银可装饰除鹤嘴锄鲁班斧和鱼竿的第3个孔，需求21-40级花费金钱1600000
263	71	1200	75	2400	79	3600	83	4800	87	6100	91	7400	95	8700	99	9900	67	10000																															1.3.1151	1.8.1347	1.8.1346				*.0.0.*<8,12,71,80,81,82,83>.*.[41-60]	2400000	[3,4]	100		1	2	使用紫宝石、八卦秘银和精致炫彩水银可装饰除鹤嘴锄鲁班斧和鱼竿的第3个孔，需求41-60级花费金钱2400000
264	71	1200	75	2400	79	3600	83	4800	87	6100	91	7400	95	8700	99	9900	67	10000																															1.3.1151	1.8.1347	1.8.1346				*.0.0.*<8,12,71,80,81,82,83>.*.[61-80]	3200000	[3,4]	100		1	2	使用紫宝石、八卦秘银和精致炫彩水银可装饰除鹤嘴锄鲁班斧和鱼竿的第3个孔，需求61-80级花费金钱3200000
265	71	1200	75	2400	79	3600	83	4800	87	6100	91	7400	95	8700	99	9900	67	10000																															1.3.1151	1.8.1347	1.8.1346				*.0.0.*<8,12,71,80,81,82,83>.*.[81-100]	4000000	[3,4]	100		1	2	使用紫宝石、八卦秘银和精致炫彩水银可装饰除鹤嘴锄鲁班斧和鱼竿的第3个孔，需求81-100级花费金钱4000000
266	71	1200	75	2400	79	3600	83	4800	87	6100	91	7400	95	8700	99	9900	67	10000																															1.3.1151	1.8.1347	1.8.1346				*.0.0.*<8,12,71,80,81,82,83>.*.[201-300]	4000000	[3,4]	100		1	2	使用紫宝石、八卦秘银和精致炫彩水银可装饰所有仙魔界武器的第3个孔，需求1-100级花费金钱4000000
267	71	1200	75	2400	79	3600	83	4800	87	6100	91	7400	95	8700	99	9900	67	10000																															1.3.1151	1.8.1347	1.8.1346				*.0.[2,5,6,7,9,10].*.*.[1-20]	800000	[3,4]	100		1	2	使用紫宝石、八卦秘银和精致炫彩水银可装饰所有人界装备的第3个孔，需求1-20级花费金钱800000
268	71	1200	75	2400	79	3600	83	4800	87	6100	91	7400	95	8700	99	9900	67	10000																															1.3.1151	1.8.1347	1.8.1346				*.0.[2,5,6,7,9,10].*.*.[21-40]	1600000	[3,4]	100		1	2	使用紫宝石、八卦秘银和精致炫彩水银可装饰所有人界装备的第3个孔，需求21-40级花费金钱1600000
269	71	1200	75	2400	79	3600	83	4800	87	6100	91	7400	95	8700	99	9900	67	10000																															1.3.1151	1.8.1347	1.8.1346				*.0.[2,5,6,7,9,10].*.*.[41-60]	2400000	[3,4]	100		1	2	使用紫宝石、八卦秘银和精致炫彩水银可装饰所有人界装备的第3个孔，需求41-60级花费金钱2400000
270	71	1200	75	2400	79	3600	83	4800	87	6100	91	7400	95	8700	99	9900	67	10000																															1.3.1151	1.8.1347	1.8.1346				*.0.[2,5,6,7,9,10].*.*.[61-80]	3200000	[3,4]	100		1	2	使用紫宝石、八卦秘银和精致炫彩水银可装饰所有人界装备的第3个孔，需求61-80级花费金钱3200000
271	71	1200	75	2400	79	3600	83	4800	87	6100	91	7400	95	8700	99	9900	67	10000																															1.3.1151	1.8.1347	1.8.1346				*.0.[2,5,6,7,9,10].*.*.[81-100]	4000000	[3,4]	100		1	2	使用紫宝石、八卦秘银和精致炫彩水银可装饰所有人界装备的第3个孔，需求81-100级花费金钱4000000
272	71	1200	75	2400	79	3600	83	4800	87	6100	91	7400	95	8700	99	9900	67	10000																															1.3.1151	1.8.1347	1.8.1346				*.0.[2,5,6,7,9,10].*.*.[201-300]	4000000	[3,4]	100		1	2	使用紫宝石、八卦秘银和精致炫彩水银可装饰所有仙魔界装备的第3个孔，需求1-100级花费金钱4000000
273	8	3300	12	6600	16	9900	20	10000																																									1.3.1152						*.0.0.*<8,12,71,80,81,82,83>.*.[1-20]	1000000	4	100		1	3	使用紫碧玺可装饰除鹤嘴锄鲁班斧和鱼竿的第4个孔，需求1-20级花费金钱1000000
274	8	3300	12	6600	16	9900	20	10000																																									1.3.1152						*.0.0.*<8,12,71,80,81,82,83>.*.[21-40]	2000000	4	100		1	3	使用紫碧玺可装饰除鹤嘴锄鲁班斧和鱼竿的第4个孔，需求21-40级花费金钱2000000
275	8	3300	12	6600	16	9900	20	10000																																									1.3.1152						*.0.0.*<8,12,71,80,81,82,83>.*.[41-60]	3000000	4	100		1	3	使用紫碧玺可装饰除鹤嘴锄鲁班斧和鱼竿的第4个孔，需求41-60级花费金钱3000000
276	8	3300	12	6600	16	9900	20	10000																																									1.3.1152						*.0.0.*<8,12,71,80,81,82,83>.*.[61-80]	4000000	4	100		1	3	使用紫碧玺可装饰除鹤嘴锄鲁班斧和鱼竿的第4个孔，需求61-80级花费金钱4000000
277	8	3300	12	6600	16	9900	20	10000																																									1.3.1152						*.0.0.*<8,12,71,80,81,82,83>.*.[81-100]	5000000	4	100		1	3	使用紫碧玺可装饰除鹤嘴锄鲁班斧和鱼竿的第4个孔，需求81-100级花费金钱5000000
278	8	3300	12	6600	16	9900	20	10000																																									1.3.1152						*.0.0.*<8,12,71,80,81,82,83>.*.[201-300]	5000000	4	100		1	3	使用紫碧玺可装饰所有仙魔界武器的第4个孔，需求1-100级花费金钱5000000
279	8	3300	12	6600	16	9900	20	10000																																									1.3.1152						*.0.[2,5,6,7,9,10].*.*.[1-20]	1000000	4	100		1	3	使用紫碧玺可装饰所有人界装备的第4个孔，需求1-20级花费金钱1000000
280	8	3300	12	6600	16	9900	20	10000																																									1.3.1152						*.0.[2,5,6,7,9,10].*.*.[21-40]	2000000	4	100		1	3	使用紫碧玺可装饰所有人界装备的第4个孔，需求21-40级花费金钱2000000
281	8	3300	12	6600	16	9900	20	10000																																									1.3.1152						*.0.[2,5,6,7,9,10].*.*.[41-60]	3000000	4	100		1	3	使用紫碧玺可装饰所有人界装备的第4个孔，需求41-60级花费金钱3000000
282	8	3300	12	6600	16	9900	20	10000																																									1.3.1152						*.0.[2,5,6,7,9,10].*.*.[61-80]	4000000	4	100		1	3	使用紫碧玺可装饰所有人界装备的第4个孔，需求61-80级花费金钱4000000
283	8	3300	12	6600	16	9900	20	10000																																									1.3.1152						*.0.[2,5,6,7,9,10].*.*.[81-100]	5000000	4	100		1	3	使用紫碧玺可装饰所有人界装备的第4个孔，需求81-100级花费金钱5000000
284	8	3300	12	6600	16	9900	20	10000																																									1.3.1152						*.0.[2,5,6,7,9,10].*.*.[201-300]	5000000	4	100		1	3	使用紫碧玺可装饰所有仙魔界装备的第4个孔，需求1-100级花费金钱5000000
285	24	1200	28	2400	32	3600	36	4800	40	6100	44	7400	48	8700	52	9900	20	10000																															1.3.1152	1.8.1347					*.0.0.*<8,12,71,80,81,82,83>.*.[1-20]	1000000	4	100		1	3	使用紫碧玺和八卦秘银可装饰除鹤嘴锄鲁班斧和鱼竿的第4个孔，需求1-20级花费金钱1000000
286	24	1200	28	2400	32	3600	36	4800	40	6100	44	7400	48	8700	52	9900	20	10000																															1.3.1152	1.8.1347					*.0.0.*<8,12,71,80,81,82,83>.*.[21-40]	2000000	4	100		1	3	使用紫碧玺和八卦秘银可装饰除鹤嘴锄鲁班斧和鱼竿的第4个孔，需求21-40级花费金钱2000000
287	24	1200	28	2400	32	3600	36	4800	40	6100	44	7400	48	8700	52	9900	20	10000																															1.3.1152	1.8.1347					*.0.0.*<8,12,71,80,81,82,83>.*.[41-60]	3000000	4	100		1	3	使用紫碧玺和八卦秘银可装饰除鹤嘴锄鲁班斧和鱼竿的第4个孔，需求41-60级花费金钱3000000
288	24	1200	28	2400	32	3600	36	4800	40	6100	44	7400	48	8700	52	9900	20	10000																															1.3.1152	1.8.1347					*.0.0.*<8,12,71,80,81,82,83>.*.[61-80]	4000000	4	100		1	3	使用紫碧玺和八卦秘银可装饰除鹤嘴锄鲁班斧和鱼竿的第4个孔，需求61-80级花费金钱4000000
289	24	1200	28	2400	32	3600	36	4800	40	6100	44	7400	48	8700	52	9900	20	10000																															1.3.1152	1.8.1347					*.0.0.*<8,12,71,80,81,82,83>.*.[81-100]	5000000	4	100		1	3	使用紫碧玺和八卦秘银可装饰除鹤嘴锄鲁班斧和鱼竿的第4个孔，需求81-100级花费金钱5000000
290	24	1200	28	2400	32	3600	36	4800	40	6100	44	7400	48	8700	52	9900	20	10000																															1.3.1152	1.8.1347					*.0.0.*<8,12,71,80,81,82,83>.*.[201-300]	5000000	4	100		1	3	使用紫碧玺和八卦秘银可装饰所有仙魔界武器的第4个孔，需求1-100级花费金钱5000000
291	24	1200	28	2400	32	3600	36	4800	40	6100	44	7400	48	8700	52	9900	20	10000																															1.3.1152	1.8.1347					*.0.[2,5,6,7,9,10].*.*.[1-20]	1000000	4	100		1	3	使用紫碧玺和八卦秘银可装饰所有人界装备的第4个孔，需求1-20级花费金钱1000000
292	24	1200	28	2400	32	3600	36	4800	40	6100	44	7400	48	8700	52	9900	20	10000																															1.3.1152	1.8.1347					*.0.[2,5,6,7,9,10].*.*.[21-40]	2000000	4	100		1	3	使用紫碧玺和八卦秘银可装饰所有人界装备的第4个孔，需求21-40级花费金钱2000000
293	24	1200	28	2400	32	3600	36	4800	40	6100	44	7400	48	8700	52	9900	20	10000																															1.3.1152	1.8.1347					*.0.[2,5,6,7,9,10].*.*.[41-60]	3000000	4	100		1	3	使用紫碧玺和八卦秘银可装饰所有人界装备的第4个孔，需求41-60级花费金钱3000000
294	24	1200	28	2400	32	3600	36	4800	40	6100	44	7400	48	8700	52	9900	20	10000																															1.3.1152	1.8.1347					*.0.[2,5,6,7,9,10].*.*.[61-80]	4000000	4	100		1	3	使用紫碧玺和八卦秘银可装饰所有人界装备的第4个孔，需求61-80级花费金钱4000000
295	24	1200	28	2400	32	3600	36	4800	40	6100	44	7400	48	8700	52	9900	20	10000																															1.3.1152	1.8.1347					*.0.[2,5,6,7,9,10].*.*.[81-100]	5000000	4	100		1	3	使用紫碧玺和八卦秘银可装饰所有人界装备的第4个孔，需求81-100级花费金钱5000000
296	24	1200	28	2400	32	3600	36	4800	40	6100	44	7400	48	8700	52	9900	20	10000																															1.3.1152	1.8.1347					*.0.[2,5,6,7,9,10].*.*.[201-300]	5000000	4	100		1	3	使用紫碧玺和八卦秘银可装饰所有仙魔界装备的第4个孔，需求1-100级花费金钱5000000
297	8	3135	12	6270	16	9405	20	9500	56	9665	60	9830	64	9995	68	10000																																	1.3.1152	1.8.1345					*.0.0.*<8,12,71,80,81,82,83>.*.[1-20]	1000000	4	100		1	3	使用紫碧玺和炫彩水银可装饰除鹤嘴锄鲁班斧和鱼竿的第4个孔，需求1-20级花费金钱1000000
298	8	3135	12	6270	16	9405	20	9500	56	9665	60	9830	64	9995	68	10000																																	1.3.1152	1.8.1345					*.0.0.*<8,12,71,80,81,82,83>.*.[21-40]	2000000	4	100		1	3	使用紫碧玺和炫彩水银可装饰除鹤嘴锄鲁班斧和鱼竿的第4个孔，需求21-40级花费金钱2000000
299	8	3135	12	6270	16	9405	20	9500	56	9665	60	9830	64	9995	68	10000																																	1.3.1152	1.8.1345					*.0.0.*<8,12,71,80,81,82,83>.*.[41-60]	3000000	4	100		1	3	使用紫碧玺和炫彩水银可装饰除鹤嘴锄鲁班斧和鱼竿的第4个孔，需求41-60级花费金钱3000000
300	8	3135	12	6270	16	9405	20	9500	56	9665	60	9830	64	9995	68	10000																																	1.3.1152	1.8.1345					*.0.0.*<8,12,71,80,81,82,83>.*.[61-80]	4000000	4	100		1	3	使用紫碧玺和炫彩水银可装饰除鹤嘴锄鲁班斧和鱼竿的第4个孔，需求61-80级花费金钱4000000
301	8	3135	12	6270	16	9405	20	9500	56	9665	60	9830	64	9995	68	10000																																	1.3.1152	1.8.1345					*.0.0.*<8,12,71,80,81,82,83>.*.[81-100]	5000000	4	100		1	3	使用紫碧玺和炫彩水银可装饰除鹤嘴锄鲁班斧和鱼竿的第4个孔，需求81-100级花费金钱5000000
302	8	3135	12	6270	16	9405	20	9500	56	9665	60	9830	64	9995	68	10000																																	1.3.1152	1.8.1345					*.0.0.*<8,12,71,80,81,82,83>.*.[201-300]	5000000	4	100		1	3	使用紫碧玺和炫彩水银可装饰所有仙魔界武器的第4个孔，需求1-100级花费金钱5000000
303	8	3135	12	6270	16	9405	20	9500	56	9665	60	9830	64	9995	68	10000																																	1.3.1152	1.8.1345					*.0.[2,5,6,7,9,10].*.*.[1-20]	1000000	4	100		1	3	使用紫碧玺和炫彩水银可装饰所有人界装备的第4个孔，需求1-20级花费金钱1000000
304	8	3135	12	6270	16	9405	20	9500	56	9665	60	9830	64	9995	68	10000																																	1.3.1152	1.8.1345					*.0.[2,5,6,7,9,10].*.*.[21-40]	2000000	4	100		1	3	使用紫碧玺和炫彩水银可装饰所有人界装备的第4个孔，需求21-40级花费金钱2000000
305	8	3135	12	6270	16	9405	20	9500	56	9665	60	9830	64	9995	68	10000																																	1.3.1152	1.8.1345					*.0.[2,5,6,7,9,10].*.*.[41-60]	3000000	4	100		1	3	使用紫碧玺和炫彩水银可装饰所有人界装备的第4个孔，需求41-60级花费金钱3000000
306	8	3135	12	6270	16	9405	20	9500	56	9665	60	9830	64	9995	68	10000																																	1.3.1152	1.8.1345					*.0.[2,5,6,7,9,10].*.*.[61-80]	4000000	4	100		1	3	使用紫碧玺和炫彩水银可装饰所有人界装备的第4个孔，需求61-80级花费金钱4000000
307	8	3135	12	6270	16	9405	20	9500	56	9665	60	9830	64	9995	68	10000																																	1.3.1152	1.8.1345					*.0.[2,5,6,7,9,10].*.*.[81-100]	5000000	4	100		1	3	使用紫碧玺和炫彩水银可装饰所有人界装备的第4个孔，需求81-100级花费金钱5000000
308	8	3135	12	6270	16	9405	20	9500	56	9665	60	9830	64	9995	68	10000																																	1.3.1152	1.8.1345					*.0.[2,5,6,7,9,10].*.*.[201-300]	5000000	4	100		1	3	使用紫碧玺和炫彩水银可装饰所有仙魔界装备的第4个孔，需求1-100级花费金钱5000000
309	56	3300	60	6600	64	9900	68	10000																																									1.3.1152	1.8.1346					*.0.0.*<8,12,71,80,81,82,83>.*.[1-20]	1000000	4	100		1	3	使用紫碧玺和精致炫彩水银可装饰除鹤嘴锄鲁班斧和鱼竿的第4个孔，需求1-20级花费金钱1000000
310	56	3300	60	6600	64	9900	68	10000																																									1.3.1152	1.8.1346					*.0.0.*<8,12,71,80,81,82,83>.*.[21-40]	2000000	4	100		1	3	使用紫碧玺和精致炫彩水银可装饰除鹤嘴锄鲁班斧和鱼竿的第4个孔，需求21-40级花费金钱2000000
311	56	3300	60	6600	64	9900	68	10000																																									1.3.1152	1.8.1346					*.0.0.*<8,12,71,80,81,82,83>.*.[41-60]	3000000	4	100		1	3	使用紫碧玺和精致炫彩水银可装饰除鹤嘴锄鲁班斧和鱼竿的第4个孔，需求41-60级花费金钱3000000
312	56	3300	60	6600	64	9900	68	10000																																									1.3.1152	1.8.1346					*.0.0.*<8,12,71,80,81,82,83>.*.[61-80]	4000000	4	100		1	3	使用紫碧玺和精致炫彩水银可装饰除鹤嘴锄鲁班斧和鱼竿的第4个孔，需求61-80级花费金钱4000000
313	56	3300	60	6600	64	9900	68	10000																																									1.3.1152	1.8.1346					*.0.0.*<8,12,71,80,81,82,83>.*.[81-100]	5000000	4	100		1	3	使用紫碧玺和精致炫彩水银可装饰除鹤嘴锄鲁班斧和鱼竿的第4个孔，需求81-100级花费金钱5000000
314	56	3300	60	6600	64	9900	68	10000																																									1.3.1152	1.8.1346					*.0.0.*<8,12,71,80,81,82,83>.*.[201-300]	5000000	4	100		1	3	使用紫碧玺和精致炫彩水银可装饰所有仙魔界武器的第4个孔，需求1-100级花费金钱5000000
315	56	3300	60	6600	64	9900	68	10000																																									1.3.1152	1.8.1346					*.0.[2,5,6,7,9,10].*.*.[1-20]	1000000	4	100		1	3	使用紫碧玺和精致炫彩水银可装饰所有人界装备的第4个孔，需求1-20级花费金钱1000000
316	56	3300	60	6600	64	9900	68	10000																																									1.3.1152	1.8.1346					*.0.[2,5,6,7,9,10].*.*.[21-40]	2000000	4	100		1	3	使用紫碧玺和精致炫彩水银可装饰所有人界装备的第4个孔，需求21-40级花费金钱2000000
317	56	3300	60	6600	64	9900	68	10000																																									1.3.1152	1.8.1346					*.0.[2,5,6,7,9,10].*.*.[41-60]	3000000	4	100		1	3	使用紫碧玺和精致炫彩水银可装饰所有人界装备的第4个孔，需求41-60级花费金钱3000000
318	56	3300	60	6600	64	9900	68	10000																																									1.3.1152	1.8.1346					*.0.[2,5,6,7,9,10].*.*.[61-80]	4000000	4	100		1	3	使用紫碧玺和精致炫彩水银可装饰所有人界装备的第4个孔，需求61-80级花费金钱4000000
319	56	3300	60	6600	64	9900	68	10000																																									1.3.1152	1.8.1346					*.0.[2,5,6,7,9,10].*.*.[81-100]	5000000	4	100		1	3	使用紫碧玺和精致炫彩水银可装饰所有人界装备的第4个孔，需求81-100级花费金钱5000000
320	56	3300	60	6600	64	9900	68	10000																																									1.3.1152	1.8.1346					*.0.[2,5,6,7,9,10].*.*.[201-300]	5000000	4	100		1	3	使用紫碧玺和精致炫彩水银可装饰所有仙魔界装备的第4个孔，需求1-100级花费金钱5000000
321	24	1140	28	2280	32	3420	36	4560	40	5795	44	7030	48	8265	52	9405	20	9500	72	9560	76	9620	80	9680	84	9740	88	9805	92	9870	96	9935	100	9995	68	10000													1.3.1152	1.8.1347	1.8.1345				*.0.0.*<8,12,71,80,81,82,83>.*.[1-20]	1000000	4	100		1	3	使用紫碧玺、八卦秘银和炫彩水银可装饰除鹤嘴锄鲁班斧和鱼竿的第4个孔，需求1-20级花费金钱1000000
322	24	1140	28	2280	32	3420	36	4560	40	5795	44	7030	48	8265	52	9405	20	9500	72	9560	76	9620	80	9680	84	9740	88	9805	92	9870	96	9935	100	9995	68	10000													1.3.1152	1.8.1347	1.8.1345				*.0.0.*<8,12,71,80,81,82,83>.*.[21-40]	2000000	4	100		1	3	使用紫碧玺、八卦秘银和炫彩水银可装饰除鹤嘴锄鲁班斧和鱼竿的第4个孔，需求21-40级花费金钱2000000
323	24	1140	28	2280	32	3420	36	4560	40	5795	44	7030	48	8265	52	9405	20	9500	72	9560	76	9620	80	9680	84	9740	88	9805	92	9870	96	9935	100	9995	68	10000													1.3.1152	1.8.1347	1.8.1345				*.0.0.*<8,12,71,80,81,82,83>.*.[41-60]	3000000	4	100		1	3	使用紫碧玺、八卦秘银和炫彩水银可装饰除鹤嘴锄鲁班斧和鱼竿的第4个孔，需求41-60级花费金钱3000000
324	24	1140	28	2280	32	3420	36	4560	40	5795	44	7030	48	8265	52	9405	20	9500	72	9560	76	9620	80	9680	84	9740	88	9805	92	9870	96	9935	100	9995	68	10000													1.3.1152	1.8.1347	1.8.1345				*.0.0.*<8,12,71,80,81,82,83>.*.[61-80]	4000000	4	100		1	3	使用紫碧玺、八卦秘银和炫彩水银可装饰除鹤嘴锄鲁班斧和鱼竿的第4个孔，需求61-80级花费金钱4000000
325	24	1140	28	2280	32	3420	36	4560	40	5795	44	7030	48	8265	52	9405	20	9500	72	9560	76	9620	80	9680	84	9740	88	9805	92	9870	96	9935	100	9995	68	10000													1.3.1152	1.8.1347	1.8.1345				*.0.0.*<8,12,71,80,81,82,83>.*.[81-100]	5000000	4	100		1	3	使用紫碧玺、八卦秘银和炫彩水银可装饰除鹤嘴锄鲁班斧和鱼竿的第4个孔，需求81-100级花费金钱5000000
326	24	1140	28	2280	32	3420	36	4560	40	5795	44	7030	48	8265	52	9405	20	9500	72	9560	76	9620	80	9680	84	9740	88	9805	92	9870	96	9935	100	9995	68	10000													1.3.1152	1.8.1347	1.8.1345				*.0.0.*<8,12,71,80,81,82,83>.*.[201-300]	5000000	4	100		1	3	使用紫碧玺、八卦秘银和炫彩水银可装饰所有仙魔界武器的第4个孔，需求1-100级花费金钱5000000
327	24	1140	28	2280	32	3420	36	4560	40	5795	44	7030	48	8265	52	9405	20	9500	72	9560	76	9620	80	9680	84	9740	88	9805	92	9870	96	9935	100	9995	68	10000													1.3.1152	1.8.1347	1.8.1345				*.0.[2,5,6,7,9,10].*.*.[1-20]	1000000	4	100		1	3	使用紫碧玺、八卦秘银和炫彩水银可装饰所有人界装备的第4个孔，需求1-20级花费金钱1000000
328	24	1140	28	2280	32	3420	36	4560	40	5795	44	7030	48	8265	52	9405	20	9500	72	9560	76	9620	80	9680	84	9740	88	9805	92	9870	96	9935	100	9995	68	10000													1.3.1152	1.8.1347	1.8.1345				*.0.[2,5,6,7,9,10].*.*.[21-40]	2000000	4	100		1	3	使用紫碧玺、八卦秘银和炫彩水银可装饰所有人界装备的第4个孔，需求21-40级花费金钱2000000
329	24	1140	28	2280	32	3420	36	4560	40	5795	44	7030	48	8265	52	9405	20	9500	72	9560	76	9620	80	9680	84	9740	88	9805	92	9870	96	9935	100	9995	68	10000													1.3.1152	1.8.1347	1.8.1345				*.0.[2,5,6,7,9,10].*.*.[41-60]	3000000	4	100		1	3	使用紫碧玺、八卦秘银和炫彩水银可装饰所有人界装备的第4个孔，需求41-60级花费金钱3000000
330	24	1140	28	2280	32	3420	36	4560	40	5795	44	7030	48	8265	52	9405	20	9500	72	9560	76	9620	80	9680	84	9740	88	9805	92	9870	96	9935	100	9995	68	10000													1.3.1152	1.8.1347	1.8.1345				*.0.[2,5,6,7,9,10].*.*.[61-80]	4000000	4	100		1	3	使用紫碧玺、八卦秘银和炫彩水银可装饰所有人界装备的第4个孔，需求61-80级花费金钱4000000
331	24	1140	28	2280	32	3420	36	4560	40	5795	44	7030	48	8265	52	9405	20	9500	72	9560	76	9620	80	9680	84	9740	88	9805	92	9870	96	9935	100	9995	68	10000													1.3.1152	1.8.1347	1.8.1345				*.0.[2,5,6,7,9,10].*.*.[81-100]	5000000	4	100		1	3	使用紫碧玺、八卦秘银和炫彩水银可装饰所有人界装备的第4个孔，需求81-100级花费金钱5000000
332	24	1140	28	2280	32	3420	36	4560	40	5795	44	7030	48	8265	52	9405	20	9500	72	9560	76	9620	80	9680	84	9740	88	9805	92	9870	96	9935	100	9995	68	10000													1.3.1152	1.8.1347	1.8.1345				*.0.[2,5,6,7,9,10].*.*.[201-300]	5000000	4	100		1	3	使用紫碧玺、八卦秘银和炫彩水银可装饰所有仙魔界装备的第4个孔，需求1-100级花费金钱5000000
333	72	1200	76	2400	80	3600	84	4800	88	6100	92	7400	96	8700	100	9900	68	10000																															1.3.1152	1.8.1347	1.8.1346				*.0.0.*<8,12,71,80,81,82,83>.*.[1-20]	1000000	4	100		1	3	使用紫碧玺、八卦秘银和精致炫彩水银可装饰除鹤嘴锄鲁班斧和鱼竿的第4个孔，需求1-20级花费金钱1000000
334	72	1200	76	2400	80	3600	84	4800	88	6100	92	7400	96	8700	100	9900	68	10000																															1.3.1152	1.8.1347	1.8.1346				*.0.0.*<8,12,71,80,81,82,83>.*.[21-40]	2000000	4	100		1	3	使用紫碧玺、八卦秘银和精致炫彩水银可装饰除鹤嘴锄鲁班斧和鱼竿的第4个孔，需求21-40级花费金钱2000000
335	72	1200	76	2400	80	3600	84	4800	88	6100	92	7400	96	8700	100	9900	68	10000																															1.3.1152	1.8.1347	1.8.1346				*.0.0.*<8,12,71,80,81,82,83>.*.[41-60]	3000000	4	100		1	3	使用紫碧玺、八卦秘银和精致炫彩水银可装饰除鹤嘴锄鲁班斧和鱼竿的第4个孔，需求41-60级花费金钱3000000
336	72	1200	76	2400	80	3600	84	4800	88	6100	92	7400	96	8700	100	9900	68	10000																															1.3.1152	1.8.1347	1.8.1346				*.0.0.*<8,12,71,80,81,82,83>.*.[61-80]	4000000	4	100		1	3	使用紫碧玺、八卦秘银和精致炫彩水银可装饰除鹤嘴锄鲁班斧和鱼竿的第4个孔，需求61-80级花费金钱4000000
337	72	1200	76	2400	80	3600	84	4800	88	6100	92	7400	96	8700	100	9900	68	10000																															1.3.1152	1.8.1347	1.8.1346				*.0.0.*<8,12,71,80,81,82,83>.*.[81-100]	5000000	4	100		1	3	使用紫碧玺、八卦秘银和精致炫彩水银可装饰除鹤嘴锄鲁班斧和鱼竿的第4个孔，需求81-100级花费金钱5000000
338	72	1200	76	2400	80	3600	84	4800	88	6100	92	7400	96	8700	100	9900	68	10000																															1.3.1152	1.8.1347	1.8.1346				*.0.0.*<8,12,71,80,81,82,83>.*.[201-300]	5000000	4	100		1	3	使用紫碧玺、八卦秘银和精致炫彩水银可装饰所有仙魔界武器的第4个孔，需求1-100级花费金钱5000000
339	72	1200	76	2400	80	3600	84	4800	88	6100	92	7400	96	8700	100	9900	68	10000																															1.3.1152	1.8.1347	1.8.1346				*.0.[2,5,6,7,9,10].*.*.[1-20]	1000000	4	100		1	3	使用紫碧玺、八卦秘银和精致炫彩水银可装饰所有人界装备的第4个孔，需求1-20级花费金钱1000000
340	72	1200	76	2400	80	3600	84	4800	88	6100	92	7400	96	8700	100	9900	68	10000																															1.3.1152	1.8.1347	1.8.1346				*.0.[2,5,6,7,9,10].*.*.[21-40]	2000000	4	100		1	3	使用紫碧玺、八卦秘银和精致炫彩水银可装饰所有人界装备的第4个孔，需求21-40级花费金钱2000000
341	72	1200	76	2400	80	3600	84	4800	88	6100	92	7400	96	8700	100	9900	68	10000																															1.3.1152	1.8.1347	1.8.1346				*.0.[2,5,6,7,9,10].*.*.[41-60]	3000000	4	100		1	3	使用紫碧玺、八卦秘银和精致炫彩水银可装饰所有人界装备的第4个孔，需求41-60级花费金钱3000000
342	72	1200	76	2400	80	3600	84	4800	88	6100	92	7400	96	8700	100	9900	68	10000																															1.3.1152	1.8.1347	1.8.1346				*.0.[2,5,6,7,9,10].*.*.[61-80]	4000000	4	100		1	3	使用紫碧玺、八卦秘银和精致炫彩水银可装饰所有人界装备的第4个孔，需求61-80级花费金钱4000000
343	72	1200	76	2400	80	3600	84	4800	88	6100	92	7400	96	8700	100	9900	68	10000																															1.3.1152	1.8.1347	1.8.1346				*.0.[2,5,6,7,9,10].*.*.[81-100]	5000000	4	100		1	3	使用紫碧玺、八卦秘银和精致炫彩水银可装饰所有人界装备的第4个孔，需求81-100级花费金钱5000000
344	72	1200	76	2400	80	3600	84	4800	88	6100	92	7400	96	8700	100	9900	68	10000																															1.3.1152	1.8.1347	1.8.1346				*.0.[2,5,6,7,9,10].*.*.[201-300]	5000000	4	100		1	3	使用紫碧玺、八卦秘银和精致炫彩水银可装饰所有仙魔界装备的第4个孔，需求1-100级花费金钱5000000
345	4	7500																																															1.3.252						*.0.[2,9].[45-50, 201-203,219-248,255-260,276-281,288-293].*.[90-300]	200000000	3	100		0	3	使用黄碧玺可在140级披风胸甲以上打第4个孔，需求101-200级花费金钱200000000
346	3	3000																																															1.3.90						*.0.[5,6,7].[45-50, 201-203,219-248,255-260,276-281,288-293].*.[90-300]	40000000	2	100		0	2	使用黄宝石可在140级腰带、鞋子、头盔以上打第4个孔，需求101-200级花费金钱200000000
347	5	3300	9	6600	13	9900	17	10000																																									1.3.1149						*.0.[2,5,6,7,9,10].*.*.[90-300]	2000000	[1,2,3,4]	100		1	0	使用紫水晶碎片可装饰人界装备的第1个孔，需求101-200级花费金钱2000000
348	21	1200	25	2400	29	3600	33	4800	37	6100	41	7400	45	8700	49	9900	17	10000																															1.3.1149	1.8.1347					*.0.[2,5,6,7,9,10].*.*.[90-300]	2000000	[1,2,3,4]	100		1	0	使用紫水晶碎片和八卦秘银可装饰所有人界装备的第1个孔，需求101-200级花费金钱2000000
349	5	3135	9	6270	13	9405	17	9500	53	9665	57	9830	61	9995	65	10000																																	1.3.1149	1.8.1345					*.0.[2,5,6,7,9,10].*.*.[90-300]	2000000	[1,2,3,4]	100		1	0	使用紫水晶碎片和炫彩水银可装饰所有人界装备的第1个孔，需求101-200级花费金钱2000000
350	53	3300	57	6600	61	9900	65	10000																																									1.3.1149	1.8.1346					*.0.[2,5,6,7,9,10].*.*.[90-300]	2000000	[1,2,3,4]	100		1	0	使用紫水晶碎片和精致炫彩水银可装饰所有人界装备的第1个孔，需求101-200级花费金钱2000000
351	21	1140	25	2280	29	3420	33	4560	37	5795	41	7030	45	8265	49	9405	17	9500	69	9560	73	9620	77	9680	81	9740	85	9805	89	9870	93	9935	97	9995	65	10000													1.3.1149	1.8.1347	1.8.1345				*.0.[2,5,6,7,9,10].*.*.[101-200]	2000000	[1,2,3,4]	100		1	0	使用紫水晶碎片、八卦秘银和炫彩水银可装饰所有人界装备的第1个孔，需求101-200级花费金钱2000000
352	69	1200	73	2400	77	3600	81	4800	85	6100	89	7400	93	8700	97	9900	65	10000																															1.3.1149	1.8.1347	1.8.1346				*.0.[2,5,6,7,9,10].*.*.[90-300]	2000000	[1,2,3,4]	100		1	0	使用紫水晶碎片、八卦秘银和精致炫彩水银可装饰所有人界装备的第1个孔，需求101-200级花费金钱2000000
353	6	3300	10	6600	14	9900	18	10000																																									1.3.1150						*.0.[2,5,6,7,9,10].*.*.[90-300]	3500000	[2,3,4]	100		1	1	使用紫水晶可装饰所有人界装备的第2个孔，需求101-200级花费金钱3500000
354	22	1200	26	2400	30	3600	34	4800	38	6100	42	7400	46	8700	50	9900	18	10000																															1.3.1150	1.8.1347					*.0.[2,5,6,7,9,10].*.*.[90-300]	3500000	[2,3,4]	100		1	1	使用紫水晶和八卦秘银可装饰所有人界装备的第2个孔，需求101-200级花费金钱3500000
355	6	3135	10	6270	14	9405	18	9500	54	9665	58	9830	62	9995	66	10000																																	1.3.1150	1.8.1345					*.0.[2,5,6,7,9,10].*.*.[90-300]	3500000	[2,3,4]	100		1	1	使用紫水晶和炫彩水银可装饰所有人界装备的第2个孔，需求101-200级花费金钱3500000
356	54	3300	58	6600	62	9900	66	10000																																									1.3.1150	1.8.1346					*.0.[2,5,6,7,9,10].*.*.[90-300]	3500000	[2,3,4]	100		1	1	使用紫水晶和精致炫彩水银可装饰所有人界装备的第2个孔，需求101-200级花费金钱3500000
357	22	1140	26	2280	30	3420	34	4560	38	5795	42	7030	46	8265	50	9405	18	9500	70	9560	74	9620	78	9680	82	9740	86	9805	90	9870	94	9935	98	9995	66	10000													1.3.1150	1.8.1347	1.8.1345				*.0.[2,5,6,7,9,10].*.*.[101-200]	3500000	[2,3,4]	100		1	1	使用紫水晶、八卦秘银和炫彩水银可装饰所有人界装备的第2个孔，需求101-200级花费金钱3500000
358	70	1200	74	2400	78	3600	82	4800	86	6100	90	7400	94	8700	98	9900	66	10000																															1.3.1150	1.8.1347	1.8.1346				*.0.[2,5,6,7,9,10].*.*.[90-300]	3500000	[2,3,4]	100		1	1	使用紫水晶、八卦秘银和精致炫彩水银可装饰所有人界装备的第2个孔，需求101-200级花费金钱3500000
359	7	3300	11	6600	15	9900	19	10000																																									1.3.1151						*.0.[2,5,6,7,9,10].*.*.[90-300]	7000000	[3,4]	100		1	2	使用紫宝石可装饰所有人界装备的第3个孔，需求101-200级花费金钱7000000
360	23	1200	27	2400	31	3600	35	4800	39	6100	43	7400	47	8700	51	9900	19	10000																															1.3.1151	1.8.1347					*.0.[2,5,6,7,9,10].*.*.[90-300]	7000000	[3,4]	100		1	2	使用紫宝石和八卦秘银可装饰所有人界装备的第3个孔，需求101-200级花费金钱7000000
361	7	3135	11	6270	15	9405	19	9500	55	9665	59	9830	63	9995	67	10000																																	1.3.1151	1.8.1345					*.0.[2,5,6,7,9,10].*.*.[90-300]	7000000	[3,4]	100		1	2	使用紫宝石和炫彩水银可装饰所有人界装备的第3个孔，需求101-200级花费金钱7000000
362	55	3300	59	6600	63	9900	67	10000																																									1.3.1151	1.8.1346					*.0.[2,5,6,7,9,10].*.*.[90-300]	7000000	[3,4]	100		1	2	使用紫宝石和精致炫彩水银可装饰所有人界装备的第3个孔，需求101-200级花费金钱7000000
363	23	1140	27	2280	31	3420	35	4560	39	5795	43	7030	47	8265	51	9405	19	9500	71	9560	75	9620	79	9680	83	9740	87	9805	91	9870	95	9935	99	9995	67	10000													1.3.1151	1.8.1347	1.8.1345				*.0.[2,5,6,7,9,10].*.*.[101-200]	7000000	[3,4]	100		1	2	使用紫宝石、八卦秘银和炫彩水银可装饰所有人界装备的第3个孔，需求101-200级花费金钱7000000
364	71	1200	75	2400	79	3600	83	4800	87	6100	91	7400	95	8700	99	9900	67	10000																															1.3.1151	1.8.1347	1.8.1346				*.0.[2,5,6,7,9,10].*.*.[90-300]	7000000	[3,4]	100		1	2	使用紫宝石、八卦秘银和精致炫彩水银可装饰所有人界装备的第3个孔，需求101-200级花费金钱7000000
365	8	3300	12	6600	16	9900	20	10000																																									1.3.1152						*.0.[2,5,6,7,9,10].*.*.[90-300]	10000000	4	100		1	3	使用紫碧玺可装饰所有人界装备的第4个孔，需求101-200级花费金钱10000000
366	24	1200	28	2400	32	3600	36	4800	40	6100	44	7400	48	8700	52	9900	20	10000																															1.3.1152	1.8.1347					*.0.[2,5,6,7,9,10].*.*.[90-300]	10000000	4	100		1	3	使用紫碧玺和八卦秘银可装饰所有人界装备的第4个孔，需求101-200级花费金钱10000000
367	8	3135	12	6270	16	9405	20	9500	56	9665	60	9830	64	9995	68	10000																																	1.3.1152	1.8.1345					*.0.[2,5,6,7,9,10].*.*.[90-300]	10000000	4	100		1	3	使用紫碧玺和炫彩水银可装饰所有人界装备的第4个孔，需求101-200级花费金钱10000000
368	56	3300	60	6600	64	9900	68	10000																																									1.3.1152	1.8.1346					*.0.[2,5,6,7,9,10].*.*.[90-300]	10000000	4	100		1	3	使用紫碧玺和精致炫彩水银可装饰所有人界装备的第4个孔，需求101-200级花费金钱10000000
369	24	1140	28	2280	32	3420	36	4560	40	5795	44	7030	48	8265	52	9405	20	9500	72	9560	76	9620	80	9680	84	9740	88	9805	92	9870	96	9935	100	9995	68	10000													1.3.1152	1.8.1347	1.8.1345				*.0.[2,5,6,7,9,10].*.*.[101-200]	10000000	4	100		1	3	使用紫碧玺、八卦秘银和炫彩水银可装饰所有人界装备的第4个孔，需求101-200级花费金钱10000000
370	72	1200	76	2400	80	3600	84	4800	88	6100	92	7400	96	8700	100	9900	68	10000																															1.3.1152	1.8.1347	1.8.1346				*.0.[2,5,6,7,9,10].*.*.[90-300]	10000000	4	100		1	3	使用紫碧玺、八卦秘银和精致炫彩水银可装饰所有人界装备的第4个孔，需求101-200级花费金钱10000000
