ÿ‘Œª Ù–‘±‡∫≈	ÿ‘Œª√˚≥∆	PKBuffID	PKBuffµ»º∂_1	PKBuffµ»º∂_2	PKBuffµ»º∂_3	PKBuffµ»º∂_4	PKBuff∏≈¬ _1	PKBuff∏≈¬ _2	PKBuff∏≈¬ _3	PKBuff∏≈¬ _4	PKBuff ±º‰_1	PKBuff ±º‰_2	PKBuff ±º‰_3	PKBuff ±º‰_4	±∏◊¢	Power
1	#Thi™n qu∂i vﬁ	666	1	1	1	1	1	3	6	10	10	10	10	10		250
2	#ßﬁa qu∂i vﬁ	667	1	1	1	1	1	3	6	10	10	10	10	10		250
3	#L´i qu∂i vﬁ	668	1	1	1	1	1	3	6	10	10	10	10	10		250
4	#ThÒy qu∂i vﬁ	669	1	1	1	1	1	3	6	10	3	3	3	3		250
5	#H·a qu∂i vﬁ	670	1	1	1	1	1	3	6	10	10	10	10	10		250
6	#S¨n qu∂i vﬁ	671	1	1	1	1	1	3	6	10	10	10	10	10		250
7	#Trπch qu∂i vﬁ	672	1	1	1	1	1	3	6	10	30	30	30	30		250
8	#Phong qu∂i vﬁ	673	1	1	1	1	1	3	6	10	10	10	10	10		250
9	#QuŒ d≠¨ng	1381	1	1	1	1	1	3	6	10	10	10	10	10		250
10	#QuŒ ©m	1382	1	1	1	1	1	3	6	10	10	10	10	10		250
