¹æÔò	Éý¼¶ÊôÐÔ¹æÔò	Éý¼¶1´Î	Éý¼¶2´Î	Éý¼¶3´Î	Éý¼¶4´Î	Éý¼¶5´Î	Éý¼¶6´Î	Éý¼¶7´Î	Éý¼¶8´Î	Éý¼¶9´Î	Éý¼¶10´Î	Éý¼¶11´Î	Éý¼¶12´Î	Éý¼¶13´Î	Éý¼¶14´Î	Éý¼¶15´Î	Ãû³Æ	Ä¬ÈÏÉý¼¶¹æÔò
4	36	4	4	4	4	4	4	4	4	4	4	4	4	4	4	4	#Th¨ng cÊp STCB	4
4	28	10	10	10	15	15	15	20	20	20	20	20	20	20	20	20	#Th¨ng cÊp STCB	4
4	29	10	10	10	15	15	15	20	20	20	20	20	20	20	20	20	#Th¨ng cÊp STCB	4
8	36	4	4	4	4	4	4	4	4	4	4	4	4	4	4	4	#Th¨ng cÊp STCB	8
8	28	10	10	10	15	15	15	20	20	20	20	20	20	20	20	20	#Th¨ng cÊp STCB	8
8	29	10	10	10	15	15	15	20	20	20	20	20	20	20	20	20	#Th¨ng cÊp STCB	8
12	36	4	4	4	4	4	4	4	4	4	4	4	4	4	4	4	#Th¨ng cÊp L«i s¸t	4
12	124	10	10	10	15	15	15	20	20	20	20	20	20	20	20	20	#Th¨ng cÊp L«i s¸t	4
16	36	4	4	4	4	4	4	4	4	4	4	4	4	4	4	4	#Th¨ng cÊp L«i s¸t	8
16	124	10	10	10	15	15	15	20	20	20	20	20	20	20	20	20	#Th¨ng cÊp L«i s¸t	8
20	36	4	4	4	4	4	4	4	4	4	4	4	4	4	4	4	#Th¨ng cÊp Thæ s¸t	4
20	177	10	10	10	15	15	15	20	20	20	20	20	20	20	20	20	#Th¨ng cÊp Thæ s¸t	4
24	36	4	4	4	4	4	4	4	4	4	4	4	4	4	4	4	#Th¨ng cÊp Thæ s¸t	8
24	177	10	10	10	15	15	15	20	20	20	20	20	20	20	20	20	#Th¨ng cÊp Thæ s¸t	8
28	36	4	4	4	4	4	4	4	4	4	4	4	4	4	4	4	#Th¨ng cÊp B¨ng s¸t	4
28	123	10	10	10	15	15	15	20	20	20	20	20	20	20	20	20	#Th¨ng cÊp B¨ng s¸t	4
32	36	4	4	4	4	4	4	4	4	4	4	4	4	4	4	4	#Th¨ng cÊp B¨ng s¸t	8
32	123	10	10	10	15	15	15	20	20	20	20	20	20	20	20	20	#Th¨ng cÊp B¨ng s¸t	8
36	36	4	4	4	4	4	4	4	4	4	4	4	4	4	4	4	#Th¨ng cÊp Háa s¸t	4
36	122	10	10	10	15	15	15	20	20	20	20	20	20	20	20	20	#Th¨ng cÊp Háa s¸t	4
40	36	4	4	4	4	4	4	4	4	4	4	4	4	4	4	4	#Th¨ng cÊp Háa s¸t	8
40	122	10	10	10	15	15	15	20	20	20	20	20	20	20	20	20	#Th¨ng cÊp Háa s¸t	8
1001	36	4	4	4	4	4	4	4	4	4	4	4	4	4	4	4	#Th¨ng cÊp STCB	1001
1001	28	10	10	10	15	15	15	20	20	20	20	20	20	20	20	20	#Th¨ng cÊp STCB	1001
1001	29	10	10	10	15	15	15	20	20	20	20	20	20	20	20	20	#Th¨ng cÊp STCB	1001
1002	36	4	4	4	4	4	4	4	4	4	4	4	4	4	4	4	#Th¨ng cÊp L«i s¸t	1001
1002	124	10	10	10	15	15	15	20	20	20	20	20	20	20	20	20	#Th¨ng cÊp L«i s¸t	1001
1003	36	4	4	4	4	4	4	4	4	4	4	4	4	4	4	4	#Th¨ng cÊp Thæ s¸t	1001
1003	177	10	10	10	15	15	15	20	20	20	20	20	20	20	20	20	#Th¨ng cÊp Thæ s¸t	1001
1004	36	4	4	4	4	4	4	4	4	4	4	4	4	4	4	4	#Th¨ng cÊp B¨ng s¸t	1001
1004	123	10	10	10	15	15	15	20	20	20	20	20	20	20	20	20	#Th¨ng cÊp B¨ng s¸t	1001
1005	36	4	4	4	4	4	4	4	4	4	4	4	4	4	4	4	#Th¨ng cÊp Háa s¸t	1001
1005	122	10	10	10	15	15	15	20	20	20	20	20	20	20	20	20	#Th¨ng cÊp Háa s¸t	1001
1006	28	10	10	10	15	15	15	20	20	20	20	20	20	20	20	20	#Th¨ng cÊp lùc STCB	1006
1006	29	10	10	10	15	15	15	20	20	20	20	20	20	20	20	20	#Th¨ng cÊp lùc STCB	1006
1007	124	10	10	10	15	15	15	20	20	20	20	20	20	20	20	20	#Th¨ng cÊp lùc s¸t th­¬ng L«i	1006
1008	177	10	10	10	15	15	15	20	20	20	20	20	20	20	20	20	#Th¨ng cÊp lùc s¸t th­¬ng Thæ	1006
1009	123	10	10	10	15	15	15	20	20	20	20	20	20	20	20	20	#Th¨ng cÊp lùc s¸t th­¬ng B¨ng	1006
1010	122	10	10	10	15	15	15	20	20	20	20	20	20	20	20	20	#Th¨ng cÊp lùc s¸t th­¬ng Háa	1006
3001	219	4	4	4	4	4	4	4	4	4	4	4	4	4	4	4	#Th¨ng cÊp STCB	3001
3001	28	20	20	20	30	30	30	40	40	40	40	40	40	40	40	40	#Th¨ng cÊp STCB	3001
3001	29	20	20	20	30	30	30	40	40	40	40	40	40	40	40	40	#Th¨ng cÊp STCB	3001
3002	219	4	4	4	4	4	4	4	4	4	4	4	4	4	4	4	#Th¨ng cÊp L«i s¸t	3001
3002	124	20	20	20	30	30	30	40	40	40	40	40	40	40	40	40	#Th¨ng cÊp L«i s¸t	3001
3003	219	4	4	4	4	4	4	4	4	4	4	4	4	4	4	4	#Th¨ng cÊp Thæ s¸t	3001
3003	177	20	20	20	30	30	30	40	40	40	40	40	40	40	40	40	#Th¨ng cÊp Thæ s¸t	3001
3004	219	4	4	4	4	4	4	4	4	4	4	4	4	4	4	4	#Th¨ng cÊp B¨ng s¸t	3001
3004	123	20	20	20	30	30	30	40	40	40	40	40	40	40	40	40	#Th¨ng cÊp B¨ng s¸t	3001
3005	219	4	4	4	4	4	4	4	4	4	4	4	4	4	4	4	#Th¨ng cÊp Háa s¸t	3001
3005	122	20	20	20	30	30	30	40	40	40	40	40	40	40	40	40	#Th¨ng cÊp Háa s¸t	3001
3008	28	20	20	20	30	30	30	40	40	40	40	40	40	40	40	40	#Th¨ng cÊp lùc STCB	3008
3008	29	20	20	20	30	30	30	40	40	40	40	40	40	40	40	40	#Th¨ng cÊp lùc STCB	3008
3009	124	20	20	20	30	30	30	40	40	40	40	40	40	40	40	40	#Th¨ng cÊp lùc s¸t th­¬ng L«i	3008
3010	177	20	20	20	30	30	30	40	40	40	40	40	40	40	40	40	#Th¨ng cÊp lùc s¸t th­¬ng Thæ	3008
3011	123	20	20	20	30	30	30	40	40	40	40	40	40	40	40	40	#Th¨ng cÊp lùc s¸t th­¬ng B¨ng	3008
3012	122	20	20	20	30	30	30	40	40	40	40	40	40	40	40	40	#Th¨ng cÊp lùc s¸t th­¬ng Háa	3008
3019	36	4	4	4	4	4	4	4	4	4	4	4	4	4	4	4	#Th¨ng cÊp STCB	3019
3019	28	15	15	15	20	20	20	30	30	30	30	30	30	30	30	30	#Th¨ng cÊp STCB	3019
3019	29	15	15	15	20	20	20	30	30	30	30	30	30	30	30	30	#Th¨ng cÊp STCB	3019
3020	36	4	4	4	4	4	4	4	4	4	4	4	4	4	4	4	#Th¨ng cÊp L«i s¸t	3019
3020	124	15	15	15	20	20	20	30	30	30	30	30	30	30	30	30	#Th¨ng cÊp L«i s¸t	3019
3021	36	4	4	4	4	4	4	4	4	4	4	4	4	4	4	4	#Th¨ng cÊp Thæ s¸t	3019
3021	177	15	15	15	20	20	20	30	30	30	30	30	30	30	30	30	#Th¨ng cÊp Thæ s¸t	3019
3022	36	4	4	4	4	4	4	4	4	4	4	4	4	4	4	4	#Th¨ng cÊp B¨ng s¸t	3019
3022	123	15	15	15	20	20	20	30	30	30	30	30	30	30	30	30	#Th¨ng cÊp B¨ng s¸t	3019
3023	36	4	4	4	4	4	4	4	4	4	4	4	4	4	4	4	#Th¨ng cÊp Háa s¸t	3019
3023	122	15	15	15	20	20	20	30	30	30	30	30	30	30	30	30	#Th¨ng cÊp Háa s¸t	3019
3024	28	15	15	15	20	20	20	30	30	30	30	30	30	30	30	30	#Th¨ng cÊp lùc STCB	3024
3024	29	15	15	15	20	20	20	30	30	30	30	30	30	30	30	30	#Th¨ng cÊp lùc STCB	3024
3025	124	15	15	15	20	20	20	30	30	30	30	30	30	30	30	30	#Th¨ng cÊp lùc s¸t th­¬ng L«i	3024
3026	177	15	15	15	20	20	20	30	30	30	30	30	30	30	30	30	#Th¨ng cÊp lùc s¸t th­¬ng Thæ	3024
3027	123	15	15	15	20	20	20	30	30	30	30	30	30	30	30	30	#Th¨ng cÊp lùc s¸t th­¬ng B¨ng	3024
3028	122	15	15	15	20	20	20	30	30	30	30	30	30	30	30	30	#Th¨ng cÊp lùc s¸t th­¬ng Háa	3024
