规则	升级属性规则	升级1次	升级2次	升级3次	升级4次	升级5次	升级6次	升级7次	升级8次	升级9次	升级10次	升级11次	升级12次	升级13次	升级14次	升级15次	名称
5000	179	2	2	2	2	2	2	2	2	2	2	2	2				#N﹏g c蕄 Th莕 蕁
5000	306	250	250	250	250	250	250	250	250	250	250	250	250				#N﹏g c蕄 Th莕 蕁
5000	85	5	5	5	5	5	5	5	5	5	5	5	5				#N﹏g c蕄 Th莕 蕁
5000	113	1	1	1	1	1	1	1	1	1	1	1	1				#N﹏g c蕄 Th莕 蕁
5000	286	0	0	0	1	0	0	1	0	0	1	0	0				#N﹏g c蕄 Th莕 蕁
3013	179	3	3	3	3	3	3	3	3	3	3	3	3	3	3	3	#N﹏g c蕄 Th莕 蕁
3013	85	7	7	7	7	7	7	7	7	7	7	7	7	7	7	7	#N﹏g c蕄 Th莕 蕁
3013	204	1	1	1	1	1	1	1	1	1	1	1	1	1	1	1	#N﹏g c蕄 Th莕 蕁
3013	121	2	2	2	2	2	2	2	2	2	2	2	2	2	2	2	#N﹏g c蕄 Th莕 蕁
3013	104	1	1	1	1	1	1	1	1	1	1	1	1	1	1	1	#N﹏g c蕄 Th莕 蕁
3013	319	0	0	1	0	0	1	0	0	1	0	0	1	0	0	1	#N﹏g c蕄 Th莕 蕁
3013	306	250	250	250	250	250	250	250	250	250	250	250	250	250	250	250	#N﹏g c蕄 Th莕 蕁
3014	179	2	2	2	2	2	2	2	2	2	2	2	2	2	2	2	#N﹏g c蕄 Th莕 蕁
3014	85	4	4	4	4	4	4	4	4	4	4	4	4	4	4	4	#N﹏g c蕄 Th莕 蕁
3014	204	1	1	1	1	1	1	1	1	1	1	1	1	1	1	1	#N﹏g c蕄 Th莕 蕁
3014	122	2	2	2	2	2	2	2	2	2	2	2	2	2	2	2	#N﹏g c蕄 Th莕 蕁
3014	295	1	1	1	1	1	1	1	1	1	1	1	1	1	1	1	#N﹏g c蕄 Th莕 蕁
3014	120	0	0	1	0	0	1	0	0	1	0	0	1	0	0	1	#N﹏g c蕄 Th莕 蕁
3014	306	250	250	250	250	250	250	250	250	250	250	250	250	250	250	250	#N﹏g c蕄 Th莕 蕁
3015	179	4	4	4	4	4	4	4	4	4	4	4	4	4	4	4	#N﹏g c蕄 Th莕 蕁
3015	85	5	5	5	5	5	5	5	5	5	5	5	5	5	5	5	#N﹏g c蕄 Th莕 蕁
3015	204	1	1	1	1	1	1	1	1	1	1	1	1	1	1	1	#N﹏g c蕄 Th莕 蕁
3015	121	2	2	2	2	2	2	2	2	2	2	2	2	2	2	2	#N﹏g c蕄 Th莕 蕁
3015	210	1	1	1	1	1	1	1	1	1	1	1	1	1	1	1	#N﹏g c蕄 Th莕 蕁
3015	120	0	0	1	0	0	1	0	0	1	0	0	1	0	0	1	#N﹏g c蕄 Th莕 蕁
3015	306	250	250	250	250	250	250	250	250	250	250	250	250	250	250	250	#N﹏g c蕄 Th莕 蕁
3016	179	4	4	4	4	4	4	4	4	4	4	4	4	4	4	4	#N﹏g c蕄 Th莕 膎
3016	85	5	5	5	5	5	5	5	5	5	5	5	5	5	5	5	#N﹏g c蕄 Th莕 膎
3016	166	13	13	13	13	13	13	13	13	13	13	13	13	13	13	13	#N﹏g c蕄 Th莕 膎
3016	121	4	4	4	4	4	4	4	4	4	4	4	4	4	4	4	#N﹏g c蕄 Th莕 膎
3016	58	0	0	3	0	0	3	0	0	3	0	0	3	0	0	3	#N﹏g c蕄 Th莕 膎
3016	210	1	1	1	1	1	1	1	1	1	1	1	1	1	1	1	#N﹏g c蕄 Th莕 膎
3016	306	250	250	250	250	250	250	250	250	250	250	250	250	250	250	250	#N﹏g c蕄 Th莕 膎
