马匹编号	马匹部件编号	调色板
1	0	0
2	2	0
3	2	1
4	2	2
5	3	0
6	4	0
7	4	1
8	4	2
9	5	0
10	5	1
11	5	2
12	2	0
13	2	1
14	2	2
15	3	0
16	4	0
17	4	1
18	4	2
19	5	0
20	5	1
21	5	2
22	2	0
23	2	1
24	2	2
25	3	0
26	4	0
27	4	1
28	4	2
29	5	0
30	5	1
31	5	2
32	6	0
33	6	0
34	6	0
35	6	0
36	6	0
37	6	0
38	6	0
39	6	0
40	6	0
41	6	0
42	6	1
43	6	1
44	6	1
45	6	1
46	6	1
47	6	1
48	6	1
49	6	1
50	6	1
51	6	1
52	6	2
53	6	2
54	6	2
55	6	2
56	6	2
57	6	2
58	6	2
59	6	2
60	6	2
61	6	2
62	6	0
63	6	0
64	6	0
65	6	0
66	6	0
67	6	0
68	6	0
69	6	0
70	6	0
71	6	0
72	6	1
73	6	1
74	6	1
75	6	1
76	6	1
77	6	1
78	6	1
79	6	1
80	6	1
81	6	1
82	6	2
83	6	2
84	6	2
85	6	2
86	6	2
87	6	2
88	6	2
89	6	2
90	6	2
91	6	2
92	6	0
93	6	0
94	6	0
95	6	0
96	6	0
97	6	0
98	6	0
99	6	0
100	6	0
101	6	0
102	6	1
103	6	1
104	6	1
105	6	1
106	6	1
107	6	1
108	6	1
109	6	1
110	6	1
111	6	1
112	6	2
113	6	2
114	6	2
115	6	2
116	6	2
117	6	2
118	6	2
119	6	2
120	6	2
121	6	2
122	7	0
123	7	0
124	7	0
125	7	0
126	7	0
127	7	0
128	7	0
129	7	0
130	7	0
131	7	0
132	7	0
133	7	0
134	7	0
135	7	0
136	7	0
137	7	0
138	7	0
139	7	0
140	7	0
141	7	0
142	7	0
143	7	0
144	7	0
145	7	0
146	7	0
147	7	0
148	7	0
149	7	0
150	7	0
151	7	0
152	2	0
153	2	0
154	2	0
155	3	0
156	4	0
157	4	0
158	4	0
159	5	0
160	5	0
161	5	0
162	2	0
163	2	0
164	2	0
165	3	0
166	4	0
167	4	0
168	4	0
169	5	0
170	5	0
171	5	0
172	2	0
173	2	0
174	2	0
175	3	0
176	4	0
177	4	0
178	4	0
179	5	0
180	5	0
181	5	0
182	7	0
183	7	0
184	7	0
185	7	0
186	7	0
187	7	0
188	7	0
189	7	0
190	7	0
191	7	0
192	7	0
193	7	0
194	7	0
195	7	0
196	7	0
197	7	0
198	7	0
199	7	0
200	7	0
201	7	0
202	7	0
203	7	0
204	7	0
205	7	0
206	7	0
207	7	0
208	7	0
209	7	0
210	7	0
211	7	0
212	2	3
213	4	3
214	5	3
215	6	3
216	7	3
217	7	2
218	7	3
219	7	3
220	7	3
221	7	3
222	2	3
223	3	3
224	5	3
225	6	3
226	7	3
227	7	2
228	7	3
229	7	3
230	7	3
231	7	3
232	2	3
233	4	3
234	5	3
235	6	3
236	7	3
237	5	6
238	7	3
239	7	3
240	7	3
241	7	3
242	2	4
243	4	4
244	5	4
245	5	5
246	6	4
247	6	5
248	6	6
249	7	4
250	7	4
251	7	6
252	2	4
253	3	4
254	5	4
255	5	5
256	6	4
257	6	5
258	6	6
259	7	4
260	7	4
261	7	6
262	2	4
263	4	4
264	5	4
265	5	5
266	6	4
267	6	5
268	6	6
269	7	4
270	7	4
271	7	6
272	7	2
273	7	2
274	7	2
275	7	2
276	7	2
277	7	2
278	7	2
279	7	2
280	7	2
281	7	2
282	7	2
283	7	2
284	7	2
285	7	2
286	7	2
287	7	2
288	7	2
289	7	2
290	7	2
291	7	2
292	7	6
293	7	6
294	7	6
295	7	6
296	7	6
297	7	6
298	7	6
299	7	6
300	7	6
301	7	6
302	12	0
303	12	0
304	12	0
305	12	0
306	12	0
307	12	0
308	12	0
309	12	0
310	12	0
311	12	0
312	12	0
313	12	0
314	12	0
315	12	0
316	12	0
317	12	0
318	12	0
319	12	0
320	12	0
321	12	0
322	12	0
323	12	0
324	12	0
325	12	0
326	12	0
327	12	0
328	12	0
329	12	0
330	12	0
331	12	0
332	13	0
333	13	0
334	13	0
335	13	0
336	13	0
337	13	0
338	13	0
339	13	0
340	13	0
341	13	0
342	13	0
343	13	0
344	13	0
345	13	0
346	13	0
347	13	0
348	13	0
349	13	0
350	13	0
351	13	0
352	13	0
353	13	0
354	13	0
355	13	0
356	13	0
357	13	0
358	13	0
359	13	0
360	13	0
361	13	0
362	12	0
363	12	0
364	12	0
365	12	0
366	12	0
367	12	0
368	12	0
369	12	0
370	12	0
371	12	0
372	12	0
373	12	0
374	12	0
375	12	0
376	12	0
377	12	0
378	12	0
379	12	0
380	12	0
381	12	0
382	12	0
383	12	0
384	12	0
385	12	0
386	12	0
387	12	0
388	12	0
389	12	0
390	12	0
391	12	0
392	13	0
393	13	0
394	13	0
395	13	0
396	13	0
397	13	0
398	13	0
399	13	0
400	13	0
401	13	0
402	13	0
403	13	0
404	13	0
405	13	0
406	13	0
407	13	0
408	13	0
409	13	0
410	13	0
411	13	0
412	13	0
413	13	0
414	13	0
415	13	0
416	13	0
417	13	0
418	13	0
419	13	0
420	13	0
421	13	0
422	7	2
423	7	2
424	7	2
425	7	2
426	7	2
427	7	2
428	7	2
429	7	2
430	7	2
431	7	2
432	7	2
433	7	2
434	7	2
435	7	2
436	7	2
437	7	2
438	7	2
439	7	2
440	7	2
441	7	2
442	5	6
443	5	6
444	5	6
445	5	6
446	5	6
447	5	6
448	5	6
449	5	6
450	5	6
451	5	6
452	7	6
453	7	6
454	7	6
455	7	6
456	7	6
457	7	6
458	7	6
459	7	6
460	7	6
461	7	6
462	7	6
463	7	6
464	7	6
465	7	6
466	7	6
467	7	6
468	7	6
469	7	6
470	7	6
471	7	6
472	7	6
473	7	6
474	7	6
475	7	6
476	7	6
477	7	6
478	7	6
479	7	6
480	7	6
481	7	6
482	12	0
483	12	0
484	12	0
485	12	0
486	12	0
487	12	0
488	12	0
489	12	0
490	12	0
491	12	0
492	12	0
493	12	0
494	12	0
495	12	0
496	12	0
497	12	0
498	12	0
499	12	0
500	12	0
501	12	0
502	12	0
503	12	0
504	12	0
505	12	0
506	12	0
507	12	0
508	12	0
509	12	0
510	12	0
511	12	0
512	5	2
513	5	2
514	5	2
515	5	2
516	5	2
517	5	2
518	5	2
519	5	2
520	5	2
521	5	2
522	5	2
523	5	2
524	5	2
525	5	2
526	5	2
527	5	2
528	5	2
529	5	2
530	5	2
531	5	2
532	5	6
533	5	6
534	5	6
535	5	6
536	5	6
537	5	6
538	5	6
539	5	6
540	5	6
541	5	6
542	5	2
543	5	2
544	5	2
545	5	2
546	5	2
547	5	2
548	5	2
549	5	2
550	5	2
551	5	2
552	5	2
553	5	2
554	5	2
555	5	2
556	5	2
557	5	2
558	5	2
559	5	2
560	5	2
561	5	2
562	5	6
563	5	6
564	5	6
565	5	6
566	5	6
567	5	6
568	5	6
569	5	6
570	5	6
571	5	6
572	5	2
573	5	2
574	5	2
575	5	2
576	5	2
577	5	2
578	5	2
579	5	2
580	5	2
581	5	2
582	5	2
583	5	2
584	5	2
585	5	2
586	5	2
587	5	2
588	5	2
589	5	2
590	5	2
591	5	2
592	5	6
593	5	6
594	5	6
595	5	6
596	5	6
597	5	6
598	5	6
599	5	6
600	5	6
601	5	6
602	5	2
603	5	2
604	5	2
605	5	2
606	5	2
607	5	2
608	5	2
609	5	2
610	5	2
611	5	2
612	5	2
613	5	2
614	5	2
615	5	2
616	5	2
617	5	2
618	5	2
619	5	2
620	5	2
621	5	6
622	5	6
623	5	6
624	5	6
625	5	6
626	5	6
627	5	6
628	5	6
629	5	6
630	5	6
631	12	0
632	12	0
633	12	0
634	12	0
635	12	0
636	12	0
637	12	0
638	12	0
639	12	0
640	12	0
641	12	0
642	12	0
643	12	0
644	12	0
645	12	0
646	12	0
647	12	0
648	12	0
649	12	0
650	12	0
651	12	0
652	12	0
653	12	0
654	12	0
655	12	0
656	12	0
657	12	0
658	12	0
659	12	0
660	5	2
661	5	2
662	5	2
663	5	2
664	5	2
665	5	2
666	5	2
667	5	2
668	5	2
669	5	2
670	5	2
671	5	2
672	5	2
673	5	2
674	5	2
675	5	2
676	5	2
677	5	2
678	5	2
679	5	2
680	5	6
681	5	6
682	5	6
683	5	6
684	5	6
685	5	6
686	5	6
687	5	6
688	5	6
689	5	6
690	5	2
691	5	2
692	5	2
693	5	2
694	5	2
695	5	2
696	5	2
697	5	2
698	5	2
699	5	2
700	5	2
701	5	2
702	5	2
703	5	2
704	5	2
705	5	2
706	5	2
707	5	2
708	5	2
709	5	2
710	5	6
711	5	6
712	5	6
713	5	6
714	5	6
715	5	6
716	5	6
717	5	6
718	5	6
719	5	6
720	12	0
721	12	0
722	12	0
723	12	0
724	12	0
725	12	0
726	12	0
727	12	0
728	12	0
729	12	0
730	12	0
731	12	0
732	12	0
733	12	0
734	12	0
735	12	0
736	12	0
737	12	0
738	12	0
739	12	0
740	12	0
741	12	0
742	12	0
743	12	0
744	12	0
745	12	0
746	12	0
747	12	0
748	12	0
749	12	0
750	12	0
751	12	0
752	12	0
753	12	0
754	12	0
755	12	0
756	12	0
757	12	0
758	12	0
759	12	0
760	12	0
761	12	0
762	12	0
763	12	0
764	12	0
765	12	0
766	12	0
767	12	0
768	12	0
769	12	0
770	12	0
771	12	0
772	12	0
773	12	0
774	12	0
775	12	0
776	12	0
777	12	0
778	12	0
779	12	0
780	13	0
781	13	0
782	13	0
783	13	0
784	13	0
785	13	0
786	13	0
787	13	0
788	13	0
789	13	0
790	13	0
791	13	0
792	13	0
793	13	0
794	13	0
795	13	0
796	13	0
797	13	0
798	13	0
799	13	0
800	13	0
801	13	0
802	13	0
803	13	0
804	13	0
805	13	0
806	13	0
807	13	0
808	13	0
809	13	0
810	12	0
811	12	0
812	12	0
813	12	0
814	12	0
815	12	0
816	12	0
817	12	0
818	12	0
819	12	0
820	12	0
821	12	0
822	12	0
823	12	0
824	12	0
825	12	0
826	12	0
827	12	0
828	12	0
829	12	0
830	12	0
831	12	0
832	12	0
833	12	0
834	12	0
835	12	0
836	12	0
837	12	0
838	12	0
839	12	0
840	13	0
841	13	0
842	13	0
843	13	0
844	13	0
845	13	0
846	13	0
847	13	0
848	13	0
849	13	0
850	13	0
851	13	0
852	13	0
853	13	0
854	13	0
855	13	0
856	13	0
857	13	0
858	13	0
859	13	0
860	13	0
861	13	0
862	13	0
863	13	0
864	13	0
865	13	0
866	13	0
867	13	0
868	13	0
869	13	0
870	12	0
871	12	0
872	12	0
873	12	0
874	12	0
875	12	0
876	12	0
877	12	0
878	12	0
879	12	0
880	12	0
881	12	0
882	12	0
883	12	0
884	12	0
885	12	0
886	12	0
887	12	0
888	12	0
889	12	0
890	12	0
891	12	0
892	12	0
893	12	0
894	12	0
895	12	0
896	12	0
897	12	0
898	12	0
899	12	0
900	13	0
901	13	0
902	13	0
903	13	0
904	13	0
905	13	0
906	13	0
907	13	0
908	13	0
909	13	0
910	13	0
911	13	0
912	13	0
913	13	0
914	13	0
915	13	0
916	13	0
917	13	0
918	13	0
919	13	0
920	13	0
921	13	0
922	13	0
923	13	0
924	13	0
925	13	0
926	13	0
927	13	0
928	13	0
929	13	0
930	11	0
931	11	0
932	7	5
933	7	5
934	7	5
935	7	5
936	7	5
937	7	5
938	7	5
939	7	5
940	7	5
941	7	5
942	7	5
943	7	5
944	7	5
945	7	5
946	7	5
947	7	5
948	7	5
949	7	5
950	7	5
951	7	5
952	7	6
953	7	6
954	7	6
955	7	6
956	7	6
957	7	6
958	7	6
959	7	6
960	7	6
961	7	6
962	7	4
963	7	4
964	7	4
965	7	4
966	7	4
967	7	4
968	7	4
969	7	4
970	7	4
971	7	4
972	7	4
973	7	4
974	7	4
975	7	4
976	7	4
977	7	4
978	7	4
979	7	4
980	7	4
981	7	4
982	7	4
983	7	4
984	7	4
985	7	4
986	7	4
987	7	4
988	7	4
989	7	4
990	7	4
991	7	4
992	13	0
993	13	0
994	13	0
995	13	0
996	13	0
997	13	0
998	13	0
999	13	0
1000	13	0
1001	13	0
1002	12	0
1003	12	0
1004	12	0
1005	12	0
1006	12	0
1007	12	0
1008	12	0
1009	12	0
1010	12	0
1011	12	0
1012	12	0
1013	12	0
1014	12	0
1015	12	0
1016	12	0
1017	12	0
1018	12	0
1019	12	0
1020	12	0
1021	12	0
1022	12	0
1023	12	0
1024	12	0
1025	12	0
1026	12	0
1027	12	0
1028	12	0
1029	12	0
1030	12	0
1031	12	0
1032	12	0
1033	12	0
1034	12	0
1035	12	0
1036	12	0
1037	12	0
1038	12	0
1039	12	0
1040	12	0
1041	12	0
1042	12	0
1043	12	0
1044	12	0
1045	12	0
1046	12	0
1047	12	0
1048	12	0
1049	12	0
1050	12	0
1051	12	0
1052	12	0
1053	12	0
1054	12	0
1055	12	0
1056	12	0
1057	12	0
1058	12	0
1059	12	0
1060	12	0
1061	12	0
1062	12	0
1063	12	0
1064	12	0
1065	12	0
1066	12	0
1067	12	0
1068	12	0
1069	12	0
1070	12	0
1071	12	0
1072	12	0
1073	12	0
1074	12	0
1075	12	0
1076	12	0
1077	12	0
1078	12	0
1079	12	0
1080	12	0
1081	12	0
1082	12	0
1083	12	0
1084	12	0
1085	12	0
1086	12	0
1087	12	0
1088	12	0
1089	12	0
1090	12	0
1091	12	0
1092	13	0
1093	13	0
1094	13	0
1095	13	0
1096	13	0
1097	13	0
1098	13	0
1099	13	0
1100	13	0
1101	13	0
1102	13	0
1103	13	0
1104	13	0
1105	13	0
1106	13	0
1107	13	0
1108	13	0
1109	13	0
1110	13	0
1111	13	0
1112	13	0
1113	13	0
1114	13	0
1115	13	0
1116	13	0
1117	13	0
1118	13	0
1119	13	0
1120	13	0
1121	13	0
1122	13	0
1123	13	0
1124	13	0
1125	13	0
1126	13	0
1127	13	0
1128	13	0
1129	13	0
1130	13	0
1131	13	0
1132	13	0
1133	13	0
1134	13	0
1135	13	0
1136	13	0
1137	13	0
1138	13	0
1139	13	0
1140	13	0
1141	13	0
1142	13	0
1143	13	0
1144	13	0
1145	13	0
1146	13	0
1147	13	0
1148	13	0
1149	13	0
1150	13	0
1151	13	0
1152	13	0
1153	13	0
1154	13	0
1155	13	0
1156	13	0
1157	13	0
1158	13	0
1159	13	0
1160	13	0
1161	13	0
1162	13	0
1163	13	0
1164	13	0
1165	13	0
1166	13	0
1167	13	0
1168	13	0
1169	13	0
1170	13	0
1171	5	1
1172	5	1
1173	5	1
1174	5	1
1175	5	1
1176	5	1
1177	5	1
1178	5	1
1179	5	1
1180	5	1
1181	5	1
1182	5	1
1183	5	1
1184	5	1
1185	5	1
1186	5	1
1187	5	1
1188	5	1
1189	5	1
1190	5	1
1191	5	1
1192	5	1
1193	5	1
1194	5	1
1195	5	1
1196	5	1
1197	5	1
1198	5	1
1199	5	1
1200	5	1
1201	5	1
1202	5	1
1203	5	1
1204	5	1
1205	5	1
1206	5	1
1207	5	1
1208	5	1
1209	5	1
1210	5	1
1211	5	1
1212	5	1
1213	5	1
1214	5	1
1215	5	1
1216	5	1
1217	5	1
1218	5	1
1219	5	1
1220	5	1
1221	5	1
1222	5	1
1223	5	1
1224	5	1
1225	5	1
1226	5	1
1227	5	1
1228	5	1
1229	5	1
1230	6	0
1231	6	0
1232	6	0
1233	6	0
1234	6	0
1235	6	0
1236	6	0
1237	6	0
1238	6	0
1239	6	0
1240	6	0
1241	6	0
1242	6	0
1243	6	0
1244	6	0
1245	6	0
1246	6	0
1247	6	0
1248	6	0
1249	6	0
1250	6	0
1251	6	0
1252	6	0
1253	6	0
1254	6	0
1255	6	0
1256	6	0
1257	6	0
1258	6	0
1259	6	0
1260	6	0
1261	6	0
1262	6	0
1263	6	0
1264	6	0
1265	6	0
1266	6	0
1267	6	0
1268	6	0
1269	6	0
1270	6	0
1271	6	0
1272	6	0
1273	6	0
1274	6	0
1275	6	0
1276	6	0
1277	6	0
1278	6	0
1279	6	0
1280	6	0
1281	6	0
1282	6	0
1283	6	0
1284	6	0
1285	6	0
1286	6	0
1287	6	0
1288	6	0
1289	6	0
1290	6	1
1291	6	1
1292	6	1
1293	6	1
1294	6	1
1295	6	1
1296	6	1
1297	6	1
1298	6	1
1299	6	1
1300	6	1
1301	6	1
1302	6	1
1303	6	1
1304	6	1
1305	6	1
1306	6	1
1307	6	1
1308	6	1
1309	6	1
1310	6	1
1311	6	1
1312	6	1
1313	6	1
1314	6	1
1315	6	1
1316	6	1
1317	6	1
1318	6	1
1319	6	1
1320	6	1
1321	6	1
1322	6	1
1323	6	1
1324	6	1
1325	6	1
1326	6	1
1327	6	1
1328	6	1
1329	6	1
1330	6	1
1331	6	1
1332	6	1
1333	6	1
1334	6	1
1335	6	1
1336	6	1
1337	6	1
1338	6	1
1339	6	1
1340	6	1
1341	6	1
1342	6	1
1343	6	1
1344	6	1
1345	6	1
1346	6	1
1347	6	1
1348	6	1
1349	6	1
1350	6	2
1351	6	2
1352	6	2
1353	6	2
1354	6	2
1355	6	2
1356	6	2
1357	6	2
1358	6	2
1359	6	2
1360	6	2
1361	6	2
1362	6	2
1363	6	2
1364	6	2
1365	6	2
1366	6	2
1367	6	2
1368	6	2
1369	6	2
1370	6	2
1371	6	2
1372	6	2
1373	6	2
1374	6	2
1375	6	2
1376	6	2
1377	6	2
1378	6	2
1379	6	2
1380	6	2
1381	6	2
1382	6	2
1383	6	2
1384	6	2
1385	6	2
1386	6	2
1387	6	2
1388	6	2
1389	6	2
1390	6	2
1391	6	2
1392	6	2
1393	6	2
1394	6	2
1395	6	2
1396	6	2
1397	6	2
1398	6	2
1399	6	2
1400	6	2
1401	6	2
1402	6	2
1403	6	2
1404	6	2
1405	6	2
1406	6	2
1407	6	2
1408	6	2
1409	6	2
1410	6	2
1411	7	0
1412	7	0
1413	7	0
1414	7	0
1415	7	0
1416	7	0
1417	7	0
1418	7	0
1419	7	0
1420	7	0
1421	7	0
1422	7	0
1423	7	0
1424	7	0
1425	7	0
1426	7	0
1427	7	0
1428	7	0
1429	7	0
1430	7	0
1431	7	0
1432	7	0
1433	7	0
1434	7	0
1435	7	0
1436	7	0
1437	7	0
1438	7	0
1439	7	0
1440	7	0
1441	7	0
1442	7	0
1443	7	0
1444	7	0
1445	7	0
1446	7	0
1447	7	0
1448	7	0
1449	7	0
1450	7	0
1451	7	6
1452	7	6
1453	7	6
1454	7	6
1455	7	6
1456	7	6
1457	7	6
1458	7	6
1459	7	6
1460	7	6
1461	7	6
1462	7	6
1463	7	6
1464	7	6
1465	7	6
1466	7	6
1467	7	6
1468	7	6
1469	7	6
1470	7	6
1471	7	2
1472	7	2
1473	7	2
1474	7	2
1475	7	2
1476	7	2
1477	7	2
1478	7	2
1479	7	2
1480	7	2
1481	7	2
1482	7	2
1483	7	2
1484	7	2
1485	7	2
1486	7	2
1487	7	2
1488	7	2
1489	7	2
1490	7	2
1491	7	2
1492	7	2
1493	7	2
1494	7	2
1495	7	2
1496	7	2
1497	7	2
1498	7	2
1499	7	2
1500	7	2
1501	7	2
1502	7	2
1503	7	2
1504	7	2
1505	7	2
1506	7	2
1507	7	2
1508	7	2
1509	7	2
1510	7	6
1511	7	6
1512	7	6
1513	7	6
1514	7	6
1515	7	6
1516	7	6
1517	7	6
1518	7	6
1519	7	6
1520	7	6
1521	7	6
1522	7	6
1523	7	6
1524	7	6
1525	7	6
1526	7	6
1527	7	6
1528	7	6
1529	7	6
1530	7	6
1531	12	0
1532	12	0
1533	12	0
1534	12	0
1535	12	0
1536	12	0
1537	12	0
1538	12	0
1539	12	0
1540	12	0
1541	12	0
1542	12	0
1543	12	0
1544	12	0
1545	12	0
1546	12	0
1547	12	0
1548	12	0
1549	12	0
1550	12	0
1551	12	0
1552	12	0
1553	12	0
1554	12	0
1555	12	0
1556	12	0
1557	12	0
1558	12	0
1559	12	0
1560	12	0
1561	12	0
1562	12	0
1563	12	0
1564	12	0
1565	12	0
1566	12	0
1567	12	0
1568	12	0
1569	12	0
1570	12	0
1571	12	0
1572	12	0
1573	12	0
1574	12	0
1575	12	0
1576	12	0
1577	12	0
1578	12	0
1579	12	0
1580	12	0
1581	12	0
1582	12	0
1583	12	0
1584	12	0
1585	12	0
1586	12	0
1587	12	0
1588	12	0
1589	12	0
1590	12	0
1591	12	0
1592	12	0
1593	12	0
1594	12	0
1595	12	0
1596	12	0
1597	12	0
1598	12	0
1599	12	0
1600	12	0
1601	12	0
1602	12	0
1603	12	0
1604	12	0
1605	12	0
1606	12	0
1607	12	0
1608	12	0
1609	12	0
1610	12	0
1611	12	0
1612	12	0
1613	12	0
1614	12	0
1615	12	0
1616	12	0
1617	12	0
1618	12	0
1619	12	0
1620	12	0
1621	12	0
1622	12	0
1623	12	0
1624	12	0
1625	12	0
1626	12	0
1627	12	0
1628	12	0
1629	12	0
1630	12	0
1631	12	0
1632	12	0
1633	12	0
1634	12	0
1635	12	0
1636	12	0
1637	12	0
1638	12	0
1639	12	0
1640	12	0
1641	12	0
1642	12	0
1643	12	0
1644	12	0
1645	12	0
1646	12	0
1647	12	0
1648	12	0
1649	12	0
1650	12	0
1651	12	0
1652	12	0
1653	12	0
1654	12	0
1655	12	0
1656	12	0
1657	12	0
1658	12	0
1659	12	0
1660	12	0
1661	12	0
1662	12	0
1663	12	0
1664	12	0
1665	12	0
1666	12	0
1667	12	0
1668	12	0
1669	12	0
1670	12	0
1671	12	0
1672	12	0
1673	12	0
1674	12	0
1675	12	0
1676	12	0
1677	12	0
1678	12	0
1679	12	0
1680	12	0
1681	12	0
1682	12	0
1683	12	0
1684	12	0
1685	12	0
1686	12	0
1687	12	0
1688	12	0
1689	12	0
1690	12	0
1691	12	0
1692	12	0
1693	12	0
1694	12	0
1695	12	0
1696	12	0
1697	12	0
1698	12	0
1699	12	0
1700	12	0
1701	12	0
1702	12	0
1703	12	0
1704	12	0
1705	12	0
1706	12	0
1707	12	0
1708	12	0
1709	12	0
1710	12	0
1711	12	0
1712	12	0
1713	12	0
1714	12	0
1715	12	0
1716	12	0
1717	12	0
1718	12	0
1719	12	0
1720	12	0
1721	12	0
1722	12	0
1723	12	0
1724	12	0
1725	12	0
1726	12	0
1727	12	0
1728	12	0
1729	12	0
1730	12	0
1731	12	0
1732	12	0
1733	12	0
1734	12	0
1735	12	0
1736	12	0
1737	12	0
1738	12	0
1739	12	0
1740	12	0
1741	12	0
1742	12	0
1743	12	0
1744	12	0
1745	12	0
1746	12	0
1747	12	0
1748	12	0
1749	12	0
1750	12	0
1751	12	0
1752	12	0
1753	12	0
1754	12	0
1755	12	0
1756	12	0
1757	12	0
1758	12	0
1759	12	0
1760	12	0
1761	12	0
1762	12	0
1763	12	0
1764	12	0
1765	12	0
1766	12	0
1767	12	0
1768	12	0
1769	12	0
1770	7	2
1771	7	2
1772	7	2
1773	7	2
1774	7	2
1775	7	2
1776	7	2
1777	7	2
1778	7	2
1779	7	2
1780	7	2
1781	7	2
1782	7	2
1783	7	2
1784	7	2
1785	7	2
1786	7	2
1787	7	2
1788	7	2
1789	7	2
1790	7	2
1791	7	2
1792	7	2
1793	7	2
1794	7	2
1795	7	2
1796	7	2
1797	7	2
1798	7	2
1799	7	2
1800	7	2
1801	7	2
1802	7	2
1803	7	2
1804	7	2
1805	7	2
1806	7	2
1807	7	2
1808	7	2
1809	7	6
1810	7	6
1811	7	6
1812	7	6
1813	7	6
1814	7	6
1815	7	6
1816	7	6
1817	7	6
1818	7	6
1819	7	6
1820	7	6
1821	7	6
1822	7	6
1823	7	6
1824	7	6
1825	7	6
1826	7	6
1827	7	6
1828	7	6
1829	7	6
1830	7	2
1831	7	2
1832	7	2
1833	7	2
1834	7	2
1835	7	2
1836	7	2
1837	7	2
1838	7	2
1839	7	2
1840	7	2
1841	7	2
1842	7	2
1843	7	2
1844	7	2
1845	7	2
1846	7	2
1847	7	2
1848	7	2
1849	7	2
1850	7	2
1851	7	2
1852	7	2
1853	7	2
1854	7	2
1855	7	2
1856	7	2
1857	7	2
1858	7	2
1859	7	2
1860	7	2
1861	7	2
1862	7	2
1863	7	2
1864	7	2
1865	7	2
1866	7	2
1867	7	2
1868	7	2
1869	7	6
1870	7	6
1871	7	6
1872	7	6
1873	7	6
1874	7	6
1875	7	6
1876	7	6
1877	7	6
1878	7	6
1879	7	6
1880	7	6
1881	7	6
1882	7	6
1883	7	6
1884	7	6
1885	7	6
1886	7	6
1887	7	6
1888	7	6
1889	7	6
1890	7	2
1891	7	2
1892	7	2
1893	7	2
1894	7	2
1895	7	2
1896	7	2
1897	7	2
1898	7	2
1899	7	2
1900	7	2
1901	7	2
1902	7	2
1903	7	2
1904	7	2
1905	7	2
1906	7	2
1907	7	2
1908	7	2
1909	7	2
1910	7	2
1911	7	2
1912	7	2
1913	7	2
1914	7	2
1915	7	2
1916	7	2
1917	7	2
1918	7	2
1919	7	2
1920	7	2
1921	7	2
1922	7	2
1923	7	2
1924	7	2
1925	7	2
1926	7	2
1927	7	2
1928	7	2
1929	7	6
1930	7	6
1931	7	6
1932	7	6
1933	7	6
1934	7	6
1935	7	6
1936	7	6
1937	7	6
1938	7	6
1939	7	6
1940	7	6
1941	7	6
1942	7	6
1943	7	6
1944	7	6
1945	7	6
1946	7	6
1947	7	6
1948	7	6
1949	7	6
1950	12	0
1951	12	0
1952	12	0
1953	12	0
1954	12	0
1955	12	0
1956	12	0
1957	12	0
1958	12	0
1959	12	0
1960	12	0
1961	12	0
1962	12	0
1963	12	0
1964	12	0
1965	12	0
1966	12	0
1967	12	0
1968	12	0
1969	12	0
1970	12	0
1971	12	0
1972	12	0
1973	12	0
1974	12	0
1975	12	0
1976	12	0
1977	12	0
1978	12	0
1979	12	0
1980	12	0
1981	12	0
1982	12	0
1983	12	0
1984	12	0
1985	12	0
1986	12	0
1987	12	0
1988	12	0
1989	12	0
1990	12	0
1991	12	0
1992	12	0
1993	12	0
1994	12	0
1995	12	0
1996	12	0
1997	12	0
1998	12	0
1999	12	0
2000	12	0
2001	12	0
2002	12	0
2003	12	0
2004	12	0
2005	12	0
2006	12	0
2007	12	0
2008	12	0
2009	12	0
2010	12	0
2011	12	0
2012	12	0
2013	12	0
2014	12	0
2015	12	0
2016	12	0
2017	12	0
2018	12	0
2019	12	0
2020	12	0
2021	12	0
2022	12	0
2023	12	0
2024	12	0
2025	12	0
2026	12	0
2027	12	0
2028	12	0
2029	12	0
2030	12	0
2031	12	0
2032	12	0
2033	12	0
2034	12	0
2035	12	0
2036	12	0
2037	12	0
2038	12	0
2039	12	0
2040	12	0
2041	12	0
2042	12	0
2043	12	0
2044	12	0
2045	12	0
2046	12	0
2047	12	0
2048	12	0
2049	12	0
2050	12	0
2051	12	0
2052	12	0
2053	12	0
2054	12	0
2055	12	0
2056	12	0
2057	12	0
2058	12	0
2059	12	0
2060	12	0
2061	12	0
2062	12	0
2063	12	0
2064	12	0
2065	12	0
2066	12	0
2067	12	0
2068	12	0
2069	12	0
2070	12	0
2071	12	0
2072	12	0
2073	12	0
2074	12	0
2075	12	0
2076	12	0
2077	12	0
2078	12	0
2079	12	0
2080	12	0
2081	12	0
2082	12	0
2083	12	0
2084	12	0
2085	12	0
2086	12	0
2087	12	0
2088	12	0
2089	12	0
2090	12	0
2091	12	0
2092	12	0
2093	12	0
2094	12	0
2095	12	0
2096	12	0
2097	12	0
2098	12	0
2099	12	0
2100	12	0
2101	12	0
2102	12	0
2103	12	0
2104	12	0
2105	12	0
2106	12	0
2107	12	0
2108	12	0
2109	12	0
2110	12	0
2111	12	0
2112	12	0
2113	12	0
2114	12	0
2115	12	0
2116	12	0
2117	12	0
2118	12	0
2119	12	0
2120	12	0
2121	12	0
2122	12	0
2123	12	0
2124	12	0
2125	12	0
2126	12	0
2127	12	0
2128	12	0
2129	12	0
2130	13	0
2131	13	0
2132	13	0
2133	13	0
2134	13	0
2135	13	0
2136	13	0
2137	13	0
2138	13	0
2139	13	0
2140	7	0
2141	7	0
2142	7	0
2143	7	0
2144	7	0
2145	7	0
2146	7	0
2147	7	0
2148	7	0
2149	7	0
2150	7	0
2151	7	0
2152	7	0
2153	7	0
2154	7	0
2155	7	0
2156	7	0
2157	7	0
2158	7	0
2159	7	0
2160	7	0
2161	7	0
2162	7	0
2163	7	0
2164	7	0
2165	7	0
2166	7	0
2167	7	0
2168	7	0
2169	7	0
2170	7	6
2171	7	6
2172	7	6
2173	7	6
2174	7	6
2175	7	6
2176	7	6
2177	7	6
2178	7	6
2179	7	6
2180	7	6
2181	7	6
2182	7	6
2183	7	6
2184	7	6
2185	7	6
2186	7	6
2187	7	6
2188	7	6
2189	7	6
2190	13	0
2191	13	0
2192	13	0
2193	13	0
2194	13	0
2195	13	0
2196	13	0
2197	13	0
2198	13	0
2199	13	0
2200	13	0
2201	13	0
2202	13	0
2203	13	0
2204	13	0
2205	13	0
2206	13	0
2207	13	0
2208	13	0
2209	13	0
2210	2	0
2211	2	0
2212	2	0
2213	2	0
2214	2	0
2215	2	0
2216	2	0
2217	2	0
2218	2	0
2219	2	0
2220	2	0
2221	2	0
2222	2	0
2223	2	0
2224	2	0
2225	2	0
2226	2	0
2227	2	0
2228	2	0
2229	2	0
2230	2	1
2231	2	1
2232	2	1
2233	2	1
2234	2	1
2235	2	1
2236	2	1
2237	2	1
2238	2	1
2239	2	1
2240	2	1
2241	2	1
2242	2	1
2243	2	1
2244	2	1
2245	2	1
2246	2	1
2247	2	1
2248	2	1
2249	2	1
2250	2	2
2251	2	2
2252	2	2
2253	2	2
2254	2	2
2255	2	2
2256	2	2
2257	2	2
2258	2	2
2259	2	2
2260	2	2
2261	2	2
2262	2	2
2263	2	2
2264	2	2
2265	2	2
2266	2	2
2267	2	2
2268	2	2
2269	2	2
2270	3	0
2271	3	0
2272	3	0
2273	3	0
2274	3	0
2275	3	0
2276	3	0
2277	3	0
2278	3	0
2279	3	0
2280	3	0
2281	3	0
2282	3	0
2283	3	0
2284	3	0
2285	3	0
2286	3	0
2287	3	0
2288	3	0
2289	3	0
2290	4	0
2291	4	0
2292	4	0
2293	4	0
2294	4	0
2295	4	0
2296	4	0
2297	4	0
2298	4	0
2299	4	0
2300	4	0
2301	4	0
2302	4	0
2303	4	0
2304	4	0
2305	4	0
2306	4	0
2307	4	0
2308	4	0
2309	4	0
2310	4	1
2311	4	1
2312	4	1
2313	4	1
2314	4	1
2315	4	1
2316	4	1
2317	4	1
2318	4	1
2319	4	1
2320	4	1
2321	4	1
2322	4	1
2323	4	1
2324	4	1
2325	4	1
2326	4	1
2327	4	1
2328	4	1
2329	4	1
2330	4	2
2331	4	2
2332	4	2
2333	4	2
2334	4	2
2335	4	2
2336	4	2
2337	4	2
2338	4	2
2339	4	2
2340	4	2
2341	4	2
2342	4	2
2343	4	2
2344	4	2
2345	4	2
2346	4	2
2347	4	2
2348	4	2
2349	4	2
2350	5	0
2351	5	0
2352	5	0
2353	5	0
2354	5	0
2355	5	0
2356	5	0
2357	5	0
2358	5	0
2359	5	0
2360	5	0
2361	5	0
2362	5	0
2363	5	0
2364	5	0
2365	5	0
2366	5	0
2367	5	0
2368	5	0
2369	5	0
2370	5	1
2371	5	1
2372	5	1
2373	5	1
2374	5	1
2375	5	1
2376	5	1
2377	5	1
2378	5	1
2379	5	1
2380	5	1
2381	5	1
2382	5	1
2383	5	1
2384	5	1
2385	5	1
2386	5	1
2387	5	1
2388	5	1
2389	5	1
2390	5	2
2391	5	2
2392	5	2
2393	5	2
2394	5	2
2395	5	2
2396	5	2
2397	5	2
2398	5	2
2399	5	2
2400	5	2
2401	5	2
2402	5	2
2403	5	2
2404	5	2
2405	5	2
2406	5	2
2407	5	2
2408	5	2
2409	5	2
2410	6	0
2411	6	0
2412	6	0
2413	6	0
2414	6	0
2415	6	0
2416	6	0
2417	6	0
2418	6	0
2419	6	0
2420	6	0
2421	6	0
2422	6	0
2423	6	0
2424	6	0
2425	6	0
2426	6	0
2427	6	0
2428	6	0
2429	6	0
2430	6	1
2431	6	1
2432	6	1
2433	6	1
2434	6	1
2435	6	1
2436	6	1
2437	6	1
2438	6	1
2439	6	1
2440	6	1
2441	6	1
2442	6	1
2443	6	1
2444	6	1
2445	6	1
2446	6	1
2447	6	1
2448	6	1
2449	6	1
2450	6	2
2451	6	2
2452	6	2
2453	6	2
2454	6	2
2455	6	2
2456	6	2
2457	6	2
2458	6	2
2459	6	2
2460	6	2
2461	6	2
2462	6	2
2463	6	2
2464	6	2
2465	6	2
2466	6	2
2467	6	2
2468	6	2
2469	6	2
2470	2	0
2471	2	0
2472	2	0
2473	2	0
2474	2	0
2475	2	0
2476	2	0
2477	2	0
2478	2	0
2479	2	0
2480	2	0
2481	2	0
2482	2	0
2483	2	0
2484	2	0
2485	2	0
2486	2	0
2487	2	0
2488	2	0
2489	2	0
2490	2	1
2491	2	1
2492	2	1
2493	2	1
2494	2	1
2495	2	1
2496	2	1
2497	2	1
2498	2	1
2499	2	1
2500	2	1
2501	2	1
2502	2	1
2503	2	1
2504	2	1
2505	2	1
2506	2	1
2507	2	1
2508	2	1
2509	2	1
2510	2	2
2511	2	2
2512	2	2
2513	2	2
2514	2	2
2515	2	2
2516	2	2
2517	2	2
2518	2	2
2519	2	2
2520	2	2
2521	2	2
2522	2	2
2523	2	2
2524	2	2
2525	2	2
2526	2	2
2527	2	2
2528	2	2
2529	2	2
2530	3	0
2531	3	0
2532	3	0
2533	3	0
2534	3	0
2535	3	0
2536	3	0
2537	3	0
2538	3	0
2539	3	0
2540	3	0
2541	3	0
2542	3	0
2543	3	0
2544	3	0
2545	3	0
2546	3	0
2547	3	0
2548	3	0
2549	3	0
2550	4	0
2551	4	0
2552	4	0
2553	4	0
2554	4	0
2555	4	0
2556	4	0
2557	4	0
2558	4	0
2559	4	0
2560	4	0
2561	4	0
2562	4	0
2563	4	0
2564	4	0
2565	4	0
2566	4	0
2567	4	0
2568	4	0
2569	4	0
2570	4	1
2571	4	1
2572	4	1
2573	4	1
2574	4	1
2575	4	1
2576	4	1
2577	4	1
2578	4	1
2579	4	1
2580	4	1
2581	4	1
2582	4	1
2583	4	1
2584	4	1
2585	4	1
2586	4	1
2587	4	1
2588	4	1
2589	4	1
2590	4	2
2591	4	2
2592	4	2
2593	4	2
2594	4	2
2595	4	2
2596	4	2
2597	4	2
2598	4	2
2599	4	2
2600	4	2
2601	4	2
2602	4	2
2603	4	2
2604	4	2
2605	4	2
2606	4	2
2607	4	2
2608	4	2
2609	4	2
2610	5	0
2611	5	0
2612	5	0
2613	5	0
2614	5	0
2615	5	0
2616	5	0
2617	5	0
2618	5	0
2619	5	0
2620	5	0
2621	5	0
2622	5	0
2623	5	0
2624	5	0
2625	5	0
2626	5	0
2627	5	0
2628	5	0
2629	5	0
2630	5	1
2631	5	1
2632	5	1
2633	5	1
2634	5	1
2635	5	1
2636	5	1
2637	5	1
2638	5	1
2639	5	1
2640	5	1
2641	5	1
2642	5	1
2643	5	1
2644	5	1
2645	5	1
2646	5	1
2647	5	1
2648	5	1
2649	5	1
2650	5	2
2651	5	2
2652	5	2
2653	5	2
2654	5	2
2655	5	2
2656	5	2
2657	5	2
2658	5	2
2659	5	2
2660	5	2
2661	5	2
2662	5	2
2663	5	2
2664	5	2
2665	5	2
2666	5	2
2667	5	2
2668	5	2
2669	5	2
2670	6	0
2671	6	0
2672	6	0
2673	6	0
2674	6	0
2675	6	0
2676	6	0
2677	6	0
2678	6	0
2679	6	0
2680	6	0
2681	6	0
2682	6	0
2683	6	0
2684	6	0
2685	6	0
2686	6	0
2687	6	0
2688	6	0
2689	6	0
2690	6	1
2691	6	1
2692	6	1
2693	6	1
2694	6	1
2695	6	1
2696	6	1
2697	6	1
2698	6	1
2699	6	1
2700	6	1
2701	6	1
2702	6	1
2703	6	1
2704	6	1
2705	6	1
2706	6	1
2707	6	1
2708	6	1
2709	6	1
2710	6	2
2711	6	2
2712	6	2
2713	6	2
2714	6	2
2715	6	2
2716	6	2
2717	6	2
2718	6	2
2719	6	2
2720	6	2
2721	6	2
2722	6	2
2723	6	2
2724	6	2
2725	6	2
2726	6	2
2727	6	2
2728	6	2
2729	6	2
2730	2	0
2731	2	0
2732	2	0
2733	2	0
2734	2	0
2735	2	0
2736	2	0
2737	2	0
2738	2	0
2739	2	0
2740	2	0
2741	2	0
2742	2	0
2743	2	0
2744	2	0
2745	2	0
2746	2	0
2747	2	0
2748	2	0
2749	2	0
2750	2	1
2751	2	1
2752	2	1
2753	2	1
2754	2	1
2755	2	1
2756	2	1
2757	2	1
2758	2	1
2759	2	1
2760	2	1
2761	2	1
2762	2	1
2763	2	1
2764	2	1
2765	2	1
2766	2	1
2767	2	1
2768	2	1
2769	2	1
2770	2	2
2771	2	2
2772	2	2
2773	2	2
2774	2	2
2775	2	2
2776	2	2
2777	2	2
2778	2	2
2779	2	2
2780	2	2
2781	2	2
2782	2	2
2783	2	2
2784	2	2
2785	2	2
2786	2	2
2787	2	2
2788	2	2
2789	2	2
2790	3	0
2791	3	0
2792	3	0
2793	3	0
2794	3	0
2795	3	0
2796	3	0
2797	3	0
2798	3	0
2799	3	0
2800	3	0
2801	3	0
2802	3	0
2803	3	0
2804	3	0
2805	3	0
2806	3	0
2807	3	0
2808	3	0
2809	3	0
2810	4	0
2811	4	0
2812	4	0
2813	4	0
2814	4	0
2815	4	0
2816	4	0
2817	4	0
2818	4	0
2819	4	0
2820	4	0
2821	4	0
2822	4	0
2823	4	0
2824	4	0
2825	4	0
2826	4	0
2827	4	0
2828	4	0
2829	4	0
2830	4	1
2831	4	1
2832	4	1
2833	4	1
2834	4	1
2835	4	1
2836	4	1
2837	4	1
2838	4	1
2839	4	1
2840	4	1
2841	4	1
2842	4	1
2843	4	1
2844	4	1
2845	4	1
2846	4	1
2847	4	1
2848	4	1
2849	4	1
2850	4	2
2851	4	2
2852	4	2
2853	4	2
2854	4	2
2855	4	2
2856	4	2
2857	4	2
2858	4	2
2859	4	2
2860	4	2
2861	4	2
2862	4	2
2863	4	2
2864	4	2
2865	4	2
2866	4	2
2867	4	2
2868	4	2
2869	4	2
2870	5	0
2871	5	0
2872	5	0
2873	5	0
2874	5	0
2875	5	0
2876	5	0
2877	5	0
2878	5	0
2879	5	0
2880	5	0
2881	5	0
2882	5	0
2883	5	0
2884	5	0
2885	5	0
2886	5	0
2887	5	0
2888	5	0
2889	5	0
2890	5	1
2891	5	1
2892	5	1
2893	5	1
2894	5	1
2895	5	1
2896	5	1
2897	5	1
2898	5	1
2899	5	1
2900	5	1
2901	5	1
2902	5	1
2903	5	1
2904	5	1
2905	5	1
2906	5	1
2907	5	1
2908	5	1
2909	5	1
2910	5	2
2911	5	2
2912	5	2
2913	5	2
2914	5	2
2915	5	2
2916	5	2
2917	5	2
2918	5	2
2919	5	2
2920	5	2
2921	5	2
2922	5	2
2923	5	2
2924	5	2
2925	5	2
2926	5	2
2927	5	2
2928	5	2
2929	5	2
2930	6	0
2931	6	0
2932	6	0
2933	6	0
2934	6	0
2935	6	0
2936	6	0
2937	6	0
2938	6	0
2939	6	0
2940	6	0
2941	6	0
2942	6	0
2943	6	0
2944	6	0
2945	6	0
2946	6	0
2947	6	0
2948	6	0
2949	6	0
2950	6	1
2951	6	1
2952	6	1
2953	6	1
2954	6	1
2955	6	1
2956	6	1
2957	6	1
2958	6	1
2959	6	1
2960	6	1
2961	6	1
2962	6	1
2963	6	1
2964	6	1
2965	6	1
2966	6	1
2967	6	1
2968	6	1
2969	6	1
2970	6	2
2971	6	2
2972	6	2
2973	6	2
2974	6	2
2975	6	2
2976	6	2
2977	6	2
2978	6	2
2979	6	2
2980	6	2
2981	6	2
2982	6	2
2983	6	2
2984	6	2
2985	6	2
2986	6	2
2987	6	2
2988	6	2
2989	6	2
2990	7	0
2991	7	0
2992	7	0
2993	7	0
2994	7	0
2995	7	0
2996	7	0
2997	7	0
2998	7	0
2999	7	0
3000	2	0
3001	2	0
3002	2	0
3003	2	0
3004	2	0
3005	2	0
3006	2	0
3007	2	0
3008	2	0
3009	2	0
3010	2	0
3011	2	0
3012	2	0
3013	2	0
3014	2	0
3015	2	0
3016	2	0
3017	2	0
3018	2	0
3019	2	0
3020	2	1
3021	2	1
3022	2	1
3023	2	1
3024	2	1
3025	2	1
3026	2	1
3027	2	1
3028	2	1
3029	2	1
3030	2	1
3031	2	1
3032	2	1
3033	2	1
3034	2	1
3035	2	1
3036	2	1
3037	2	1
3038	2	1
3039	2	1
3040	2	2
3041	2	2
3042	2	2
3043	2	2
3044	2	2
3045	2	2
3046	2	2
3047	2	2
3048	2	2
3049	2	2
3050	2	2
3051	2	2
3052	2	2
3053	2	2
3054	2	2
3055	2	2
3056	2	2
3057	2	2
3058	2	2
3059	2	2
3060	3	0
3061	3	0
3062	3	0
3063	3	0
3064	3	0
3065	3	0
3066	3	0
3067	3	0
3068	3	0
3069	3	0
3070	3	0
3071	3	0
3072	3	0
3073	3	0
3074	3	0
3075	3	0
3076	3	0
3077	3	0
3078	3	0
3079	3	0
3080	4	0
3081	4	0
3082	4	0
3083	4	0
3084	4	0
3085	4	0
3086	4	0
3087	4	0
3088	4	0
3089	4	0
3090	4	0
3091	4	0
3092	4	0
3093	4	0
3094	4	0
3095	4	0
3096	4	0
3097	4	0
3098	4	0
3099	4	0
3100	4	1
3101	4	1
3102	4	1
3103	4	1
3104	4	1
3105	4	1
3106	4	1
3107	4	1
3108	4	1
3109	4	1
3110	4	1
3111	4	1
3112	4	1
3113	4	1
3114	4	1
3115	4	1
3116	4	1
3117	4	1
3118	4	1
3119	4	1
3120	4	2
3121	4	2
3122	4	2
3123	4	2
3124	4	2
3125	4	2
3126	4	2
3127	4	2
3128	4	2
3129	4	2
3130	4	2
3131	4	2
3132	4	2
3133	4	2
3134	4	2
3135	4	2
3136	4	2
3137	4	2
3138	4	2
3139	4	2
3140	5	0
3141	5	0
3142	5	0
3143	5	0
3144	5	0
3145	5	0
3146	5	0
3147	5	0
3148	5	0
3149	5	0
3150	5	0
3151	5	0
3152	5	0
3153	5	0
3154	5	0
3155	5	0
3156	5	0
3157	5	0
3158	5	0
3159	5	0
3160	5	2
3161	5	2
3162	5	2
3163	5	2
3164	5	2
3165	5	2
3166	5	2
3167	5	2
3168	5	2
3169	5	2
3170	5	2
3171	5	2
3172	5	2
3173	5	2
3174	5	2
3175	5	2
3176	5	2
3177	5	2
3178	5	2
3179	5	2
3180	2	0
3181	2	0
3182	2	0
3183	2	0
3184	2	0
3185	2	0
3186	2	0
3187	2	0
3188	2	0
3189	2	0
3190	2	0
3191	2	0
3192	2	0
3193	2	0
3194	2	0
3195	2	0
3196	2	0
3197	2	0
3198	2	0
3199	2	0
3200	2	1
3201	2	1
3202	2	1
3203	2	1
3204	2	1
3205	2	1
3206	2	1
3207	2	1
3208	2	1
3209	2	1
3210	2	1
3211	2	1
3212	2	1
3213	2	1
3214	2	1
3215	2	1
3216	2	1
3217	2	1
3218	2	1
3219	2	1
3220	2	2
3221	2	2
3222	2	2
3223	2	2
3224	2	2
3225	2	2
3226	2	2
3227	2	2
3228	2	2
3229	2	2
3230	2	2
3231	2	2
3232	2	2
3233	2	2
3234	2	2
3235	2	2
3236	2	2
3237	2	2
3238	2	2
3239	2	2
3240	3	0
3241	3	0
3242	3	0
3243	3	0
3244	3	0
3245	3	0
3246	3	0
3247	3	0
3248	3	0
3249	3	0
3250	3	0
3251	3	0
3252	3	0
3253	3	0
3254	3	0
3255	3	0
3256	3	0
3257	3	0
3258	3	0
3259	3	0
3260	4	0
3261	4	0
3262	4	0
3263	4	0
3264	4	0
3265	4	0
3266	4	0
3267	4	0
3268	4	0
3269	4	0
3270	4	0
3271	4	0
3272	4	0
3273	4	0
3274	4	0
3275	4	0
3276	4	0
3277	4	0
3278	4	0
3279	4	0
3280	4	1
3281	4	1
3282	4	1
3283	4	1
3284	4	1
3285	4	1
3286	4	1
3287	4	1
3288	4	1
3289	4	1
3290	4	1
3291	4	1
3292	4	1
3293	4	1
3294	4	1
3295	4	1
3296	4	1
3297	4	1
3298	4	1
3299	4	1
3300	4	2
3301	4	2
3302	4	2
3303	4	2
3304	4	2
3305	4	2
3306	4	2
3307	4	2
3308	4	2
3309	4	2
3310	4	2
3311	4	2
3312	4	2
3313	4	2
3314	4	2
3315	4	2
3316	4	2
3317	4	2
3318	4	2
3319	4	2
3320	5	0
3321	5	0
3322	5	0
3323	5	0
3324	5	0
3325	5	0
3326	5	0
3327	5	0
3328	5	0
3329	5	0
3330	5	0
3331	5	0
3332	5	0
3333	5	0
3334	5	0
3335	5	0
3336	5	0
3337	5	0
3338	5	0
3339	5	0
3340	5	2
3341	5	2
3342	5	2
3343	5	2
3344	5	2
3345	5	2
3346	5	2
3347	5	2
3348	5	2
3349	5	2
3350	5	2
3351	5	2
3352	5	2
3353	5	2
3354	5	2
3355	5	2
3356	5	2
3357	5	2
3358	5	2
3359	5	2
3360	2	0
3361	2	0
3362	2	0
3363	2	0
3364	2	0
3365	2	0
3366	2	0
3367	2	0
3368	2	0
3369	2	0
3370	2	0
3371	2	0
3372	2	0
3373	2	0
3374	2	0
3375	2	0
3376	2	0
3377	2	0
3378	2	0
3379	2	0
3380	2	1
3381	2	1
3382	2	1
3383	2	1
3384	2	1
3385	2	1
3386	2	1
3387	2	1
3388	2	1
3389	2	1
3390	2	1
3391	2	1
3392	2	1
3393	2	1
3394	2	1
3395	2	1
3396	2	1
3397	2	1
3398	2	1
3399	2	1
3400	2	2
3401	2	2
3402	2	2
3403	2	2
3404	2	2
3405	2	2
3406	2	2
3407	2	2
3408	2	2
3409	2	2
3410	2	2
3411	2	2
3412	2	2
3413	2	2
3414	2	2
3415	2	2
3416	2	2
3417	2	2
3418	2	2
3419	2	2
3420	3	0
3421	3	0
3422	3	0
3423	3	0
3424	3	0
3425	3	0
3426	3	0
3427	3	0
3428	3	0
3429	3	0
3430	3	0
3431	3	0
3432	3	0
3433	3	0
3434	3	0
3435	3	0
3436	3	0
3437	3	0
3438	3	0
3439	3	0
3440	4	0
3441	4	0
3442	4	0
3443	4	0
3444	4	0
3445	4	0
3446	4	0
3447	4	0
3448	4	0
3449	4	0
3450	4	0
3451	4	0
3452	4	0
3453	4	0
3454	4	0
3455	4	0
3456	4	0
3457	4	0
3458	4	0
3459	4	0
3460	4	1
3461	4	1
3462	4	1
3463	4	1
3464	4	1
3465	4	1
3466	4	1
3467	4	1
3468	4	1
3469	4	1
3470	4	1
3471	4	1
3472	4	1
3473	4	1
3474	4	1
3475	4	1
3476	4	1
3477	4	1
3478	4	1
3479	4	1
3480	4	2
3481	4	2
3482	4	2
3483	4	2
3484	4	2
3485	4	2
3486	4	2
3487	4	2
3488	4	2
3489	4	2
3490	4	2
3491	4	2
3492	4	2
3493	4	2
3494	4	2
3495	4	2
3496	4	2
3497	4	2
3498	4	2
3499	4	2
3500	4	2
3501	4	2
3502	5	0
3503	5	0
3504	5	0
3505	5	0
3506	5	0
3507	5	0
3508	5	0
3509	5	0
3510	5	0
3511	5	0
3512	5	0
3513	5	0
3514	5	0
3515	5	0
3516	5	0
3517	5	0
3518	5	0
3519	5	0
3520	5	0
3521	5	0
3522	5	2
3523	5	2
3524	5	2
3525	5	2
3526	5	2
3527	5	2
3528	5	2
3529	5	2
3530	5	2
3531	5	2
3532	5	2
3533	5	2
3534	5	2
3535	5	2
3536	5	2
3537	5	2
3538	5	2
3539	5	2
3540	5	2
3541	5	2
3542	13	0
3543	13	0
3544	13	0
3545	13	0
3546	13	0
3547	13	0
3548	13	0
3549	13	0
3550	13	0
3551	13	0
3552	12	0
3553	12	0
3554	12	0
3555	12	0
3556	12	0
3557	12	0
3558	12	0
3559	12	0
3560	12	0
3561	12	0
3562	12	0
3563	12	0
3564	12	0
3565	12	0
3566	12	0
3567	12	0
3568	12	0
3569	12	0
3570	12	0
3571	12	0
3572	12	0
3573	12	0
3574	12	0
3575	12	0
3576	12	0
3577	12	0
3578	12	0
3579	12	0
3580	12	0
3581	12	0
3582	7	0
3583	7	0
3584	7	0
3585	7	0
3586	7	0
3587	7	0
3588	7	0
3589	7	0
3590	7	0
3591	7	0
3592	6	0
3593	6	0
3594	6	0
3595	6	0
3596	6	0
3597	6	0
3598	6	0
3599	6	0
3600	6	0
3601	6	0
3602	6	0
3603	6	0
3604	6	0
3605	6	0
3606	6	0
3607	6	0
3608	6	0
3609	6	0
3610	6	0
3611	6	0
3612	6	0
3613	6	0
3614	6	0
3615	6	0
3616	6	0
3617	6	0
3618	6	0
3619	6	0
3620	6	0
3621	6	0
3622	6	1
3623	6	1
3624	6	1
3625	6	1
3626	6	1
3627	6	1
3628	6	1
3629	6	1
3630	6	1
3631	6	1
3632	6	1
3633	6	1
3634	6	1
3635	6	1
3636	6	1
3637	6	1
3638	6	1
3639	6	1
3640	6	1
3641	6	1
3642	6	1
3643	6	1
3644	6	1
3645	6	1
3646	6	1
3647	6	1
3648	6	1
3649	6	1
3650	6	1
3651	6	1
3652	6	2
3653	6	2
3654	6	2
3655	6	2
3656	6	2
3657	6	2
3658	6	2
3659	6	2
3660	6	2
3661	6	2
3662	6	2
3663	6	2
3664	6	2
3665	6	2
3666	6	2
3667	6	2
3668	6	2
3669	6	2
3670	6	2
3671	6	2
3672	6	2
3673	6	2
3674	6	2
3675	6	2
3676	6	2
3677	6	2
3678	6	2
3679	6	2
3680	6	2
3681	6	2
3682	6	0
3683	6	0
3684	6	0
3685	6	0
3686	6	0
3687	6	0
3688	6	0
3689	6	0
3690	6	0
3691	6	0
3692	6	0
3693	6	0
3694	6	0
3695	6	0
3696	6	0
3697	6	0
3698	6	0
3699	6	0
3700	6	0
3701	6	0
3702	6	0
3703	6	0
3704	6	0
3705	6	0
3706	6	0
3707	6	0
3708	6	0
3709	6	0
3710	6	0
3711	6	0
3712	6	1
3713	6	1
3714	6	1
3715	6	1
3716	6	1
3717	6	1
3718	6	1
3719	6	1
3720	6	1
3721	6	1
3722	6	1
3723	6	1
3724	6	1
3725	6	1
3726	6	1
3727	6	1
3728	6	1
3729	6	1
3730	6	1
3731	6	1
3732	6	1
3733	6	1
3734	6	1
3735	6	1
3736	6	1
3737	6	1
3738	6	1
3739	6	1
3740	6	1
3741	6	1
3742	6	2
3743	6	2
3744	6	2
3745	6	2
3746	6	2
3747	6	2
3748	6	2
3749	6	2
3750	6	2
3751	6	2
3752	6	2
3753	6	2
3754	6	2
3755	6	2
3756	6	2
3757	6	2
3758	6	2
3759	6	2
3760	6	2
3761	6	2
3762	6	2
3763	6	2
3764	6	2
3765	6	2
3766	6	2
3767	6	2
3768	6	2
3769	6	2
3770	6	2
3771	6	2
3772	6	0
3773	6	0
3774	6	0
3775	6	0
3776	6	0
3777	6	0
3778	6	0
3779	6	0
3780	6	0
3781	6	0
3782	6	0
3783	6	0
3784	6	0
3785	6	0
3786	6	0
3787	6	0
3788	6	0
3789	6	0
3790	6	0
3791	6	0
3792	6	0
3793	6	0
3794	6	0
3795	6	0
3796	6	0
3797	6	0
3798	6	0
3799	6	0
3800	6	0
3801	6	0
3802	6	1
3803	6	1
3804	6	1
3805	6	1
3806	6	1
3807	6	1
3808	6	1
3809	6	1
3810	6	1
3811	6	1
3812	6	1
3813	6	1
3814	6	1
3815	6	1
3816	6	1
3817	6	1
3818	6	1
3819	6	1
3820	6	1
3821	6	1
3822	6	1
3823	6	1
3824	6	1
3825	6	1
3826	6	1
3827	6	1
3828	6	1
3829	6	1
3830	6	1
3831	6	1
3832	6	2
3833	6	2
3834	6	2
3835	6	2
3836	6	2
3837	6	2
3838	6	2
3839	6	2
3840	6	2
3841	6	2
3842	6	2
3843	6	2
3844	6	2
3845	6	2
3846	6	2
3847	6	2
3848	6	2
3849	6	2
3850	6	2
3851	6	2
3852	6	2
3853	6	2
3854	6	2
3855	6	2
3856	6	2
3857	6	2
3858	6	2
3859	6	2
3860	6	2
3861	6	2
3862	13	0
3863	13	0
3864	13	0
3865	13	0
3866	13	0
3867	13	0
3868	13	0
3869	13	0
3870	13	0
3871	13	0
3872	13	0
3873	13	0
3874	13	0
3875	13	0
3876	13	0
3877	13	0
3878	13	0
3879	13	0
3880	13	0
3881	13	0
3882	13	1
3883	13	1
3884	13	1
3885	13	1
3886	13	1
3887	13	1
3888	13	1
3889	13	1
3890	13	1
3891	13	1
3892	13	1
3893	13	1
3894	13	1
3895	13	1
3896	13	1
3897	13	1
3898	13	1
3899	13	1
3900	13	1
3901	13	1
3902	13	1
3903	13	1
3904	13	1
3905	13	1
3906	13	1
3907	13	1
3908	13	1
3909	13	1
3910	13	1
3911	13	1
3912	13	6
3913	13	6
3914	13	6
3915	13	6
3916	13	6
3917	13	6
3918	13	6
3919	13	6
3920	13	6
3921	13	6
3922	13	6
3923	13	6
3924	13	6
3925	13	6
3926	13	6
3927	13	6
3928	13	6
3929	13	6
3930	13	6
3931	13	6
3932	13	6
3933	13	6
3934	13	6
3935	13	6
3936	13	6
3937	13	6
3938	13	6
3939	13	6
3940	13	6
3941	13	6
3942	13	1
3943	13	1
3944	13	1
3945	13	1
3946	13	1
3947	13	1
3948	13	1
3949	13	1
3950	13	1
3951	13	1
3952	13	1
3953	13	1
3954	13	1
3955	13	1
3956	13	1
3957	13	1
3958	13	1
3959	13	1
3960	13	1
3961	13	1
3962	13	1
3963	13	1
3964	13	1
3965	13	1
3966	13	1
3967	13	1
3968	13	1
3969	13	1
3970	13	1
3971	13	1
3972	7	5
3973	7	5
3974	7	5
3975	7	5
3976	7	5
3977	7	5
3978	7	5
3979	7	5
3980	7	5
3981	7	5
3982	7	5
3983	7	5
3984	7	5
3985	7	5
3986	7	5
3987	7	5
3988	7	5
3989	7	5
3990	7	5
3991	7	5
3992	7	5
3993	7	5
3994	7	5
3995	7	5
3996	7	5
3997	7	5
3998	7	5
3999	7	5
4000	7	5
4001	7	5
4002	7	6
4003	7	6
4004	7	6
4005	7	6
4006	7	6
4007	7	6
4008	7	6
4009	7	6
4010	7	6
4011	7	6
4012	7	6
4013	7	6
4014	7	6
4015	7	6
4016	7	6
4017	7	6
4018	7	6
4019	7	6
4020	7	6
4021	7	6
4022	7	6
4023	7	6
4024	7	6
4025	7	6
4026	7	6
4027	7	6
4028	7	6
4029	7	6
4030	7	6
4031	7	6
4032	12	5
4033	12	5
4034	12	5
4035	12	5
4036	12	5
4037	12	5
4038	12	5
4039	12	5
4040	12	5
4041	12	5
4042	12	5
4043	12	5
4044	12	5
4045	12	5
4046	12	5
4047	12	5
4048	12	5
4049	12	5
4050	12	5
4051	12	5
4052	12	5
4053	12	5
4054	12	5
4055	12	5
4056	12	5
4057	12	5
4058	12	5
4059	12	5
4060	12	5
4061	12	5
4062	12	5
4063	12	5
4064	12	5
4065	12	5
4066	12	5
4067	12	5
4068	12	5
4069	12	5
4070	12	5
4071	12	5
4072	12	5
4073	12	5
4074	12	5
4075	12	5
4076	12	5
4077	12	5
4078	12	5
4079	12	5
4080	12	5
4081	12	5
4082	12	5
4083	12	5
4084	12	5
4085	12	5
4086	12	5
4087	12	5
4088	12	5
4089	12	5
4090	12	5
4091	12	5
4092	12	0
4093	12	0
4094	12	0
4095	12	0
4096	12	0
4097	12	0
4098	12	0
4099	12	0
4100	12	0
4101	12	0
4102	12	0
4103	12	0
4104	12	0
4105	12	0
4106	12	0
4107	12	0
4108	12	0
4109	12	0
4110	12	0
4111	12	0
4112	12	0
4113	12	0
4114	12	0
4115	12	0
4116	12	0
4117	12	0
4118	12	0
4119	12	0
4120	12	0
4121	12	0
4122	12	0
4123	12	0
4124	12	0
4125	12	0
4126	12	0
4127	12	0
4128	12	0
4129	12	0
4130	12	0
4131	12	0
4132	12	0
4133	12	0
4134	12	0
4135	12	0
4136	12	0
4137	12	0
4138	12	0
4139	12	0
4140	12	0
4141	12	0
4142	12	0
4143	12	0
4144	12	0
4145	12	0
4146	12	0
4147	12	0
4148	12	0
4149	12	0
4150	12	0
4151	12	0
4152	12	0
4153	12	0
4154	12	0
4155	12	0
4156	12	0
4157	12	0
4158	12	0
4159	12	0
4160	12	0
4161	12	0
4162	12	0
4163	12	0
4164	12	0
4165	12	0
4166	12	0
4167	12	0
4168	12	0
4169	12	0
4170	12	0
4171	12	0
4172	12	0
4173	12	0
4174	12	0
4175	12	0
4176	12	0
4177	12	0
4178	12	0
4179	12	0
4180	12	0
4181	12	0
4182	12	6
4183	12	6
4184	12	6
4185	12	6
4186	12	6
4187	12	6
4188	12	6
4189	12	6
4190	12	6
4191	12	6
4192	12	6
4193	12	6
4194	12	6
4195	12	6
4196	12	6
4197	12	6
4198	12	6
4199	12	6
4200	12	6
4201	12	6
4202	12	6
4203	12	6
4204	12	6
4205	12	6
4206	12	6
4207	12	6
4208	12	6
4209	12	6
4210	12	6
4211	12	6
4212	12	3
4213	12	3
4214	12	3
4215	12	3
4216	12	3
4217	12	3
4218	12	3
4219	12	3
4220	12	3
4221	12	3
4222	12	3
4223	12	3
4224	12	3
4225	12	3
4226	12	3
4227	12	3
4228	12	3
4229	12	3
4230	12	3
4231	12	3
4232	12	3
4233	12	3
4234	12	3
4235	12	3
4236	12	3
4237	12	3
4238	12	3
4239	12	3
4240	12	3
4241	12	3
4242	13	3
4243	13	3
4244	13	3
4245	13	3
4246	13	3
4247	13	3
4248	13	3
4249	13	3
4250	13	3
4251	13	3
4252	13	3
4253	13	3
4254	13	3
4255	13	3
4256	13	3
4257	13	3
4258	13	3
4259	13	3
4260	13	3
4261	13	3
4262	13	3
4263	13	3
4264	13	3
4265	13	3
4266	13	3
4267	13	3
4268	13	3
4269	13	3
4270	13	3
4271	13	3
4272	13	5
4273	13	5
4274	13	5
4275	13	5
4276	13	5
4277	13	5
4278	13	5
4279	13	5
4280	13	5
4281	13	5
4282	13	5
4283	13	5
4284	13	5
4285	13	5
4286	13	5
4287	13	5
4288	13	5
4289	13	5
4290	13	5
4291	13	5
4292	13	5
4293	13	5
4294	13	5
4295	13	5
4296	13	5
4297	13	5
4298	13	5
4299	13	5
4300	13	5
4301	13	5
4302	2	0
4303	2	0
4304	2	1
4305	2	2
4306	3	0
4307	3	1
4308	3	2
4309	4	0
4310	4	1
4311	4	2
4312	6	0
4313	6	0
4314	6	0
4315	6	0
4316	6	0
4317	6	0
4318	6	0
4319	6	0
4320	6	0
4321	6	1
4322	6	1
4323	6	1
4324	6	1
4325	6	1
4326	6	1
4327	6	1
4328	6	1
4329	6	1
4330	6	1
4331	6	2
4332	6	2
4333	6	2
4334	6	2
4335	6	2
4336	6	2
4337	6	2
4338	6	2
4339	6	2
4340	6	2
4341	6	2
4342	7	0
4343	7	0
4344	7	0
4345	7	0
4346	7	0
4347	7	0
4348	7	0
4349	7	0
4350	7	0
4351	7	0
4352	2	0
4353	2	0
4354	3	1
4355	3	1
4356	3	2
4357	3	2
4358	3	2
4359	4	0
4360	4	1
4361	4	2
4362	7	0
4363	7	0
4364	7	0
4365	7	0
4366	7	0
4367	7	0
4368	7	0
4369	7	0
4370	7	0
4371	7	0
4372	3	0
4373	3	0
4374	5	0
4375	6	0
4376	7	0
4377	7	1
4378	7	0
4379	7	0
4380	7	0
4381	7	0
4382	3	2
4383	3	2
4384	4	1
4385	4	4
4386	6	4
4387	6	5
4388	6	6
4389	7	2
4390	7	3
4391	7	4
4392	7	5
4393	7	5
4394	7	5
4395	7	5
4396	7	5
4397	7	5
4398	7	5
4399	7	5
4400	7	5
4401	7	5
4402	12	0
4403	12	0
4404	12	0
4405	12	0
4406	12	0
4407	12	0
4408	12	0
4409	12	0
4410	12	0
4411	13	0
4412	13	0
4413	13	0
4414	13	0
4415	13	0
4416	13	0
4417	13	0
4418	13	0
4419	13	0
4420	13	0
4421	12	0
4422	12	0
4423	12	0
4424	12	0
4425	12	0
4426	12	0
4427	12	0
4428	12	0
4429	12	0
4430	12	0
4431	13	0
4432	13	0
4433	13	0
4434	13	0
4435	13	0
4436	13	0
4437	13	0
4438	13	0
4439	13	0
4440	13	0
4441	13	0
4442	7	6
4443	7	6
4444	7	6
4445	7	6
4446	7	6
4447	7	6
4448	7	6
4449	7	6
4450	7	6
4451	7	6
4452	13	0
4453	13	0
4454	13	0
4455	13	0
4456	13	0
4457	13	0
4458	13	0
4459	13	0
4460	13	0
4461	13	0
4462	13	0
4463	13	0
4464	13	0
4465	13	0
4466	13	0
4467	13	0
4468	13	0
4469	13	0
4470	13	0
4471	13	0
4472	13	0
4473	13	0
4474	13	0
4475	13	0
4476	13	0
4477	13	0
4478	13	0
4479	13	0
4480	13	0
4481	13	0
4482	13	0
4483	13	0
4484	13	0
4485	13	0
4486	13	0
4487	13	0
4488	13	0
4489	13	0
4490	13	0
4491	13	0
4492	13	0
4493	13	0
4494	13	0
4495	13	0
4496	13	0
4497	13	0
4498	13	0
4499	13	0
4500	13	0
4501	13	0
4502	13	0
4503	13	0
4504	13	0
4505	13	0
4506	13	0
4507	13	0
4508	13	0
4509	13	0
4510	13	0
4511	13	0
4512	13	0
4513	13	0
4514	13	0
4515	13	0
4516	13	0
4517	13	0
4518	13	0
4519	13	0
4520	13	0
4521	13	0
4522	7	2
4523	7	2
4524	7	2
4525	7	2
4526	7	2
4527	7	2
4528	7	2
4529	7	2
4530	7	2
4531	7	2
4532	7	0
4533	7	0
4534	7	0
4535	7	0
4536	7	0
4537	7	0
4538	7	0
4539	7	0
4540	7	0
4541	7	0
4542	7	0
4543	7	0
4544	7	1
4545	7	2
4546	7	0
4547	7	1
4548	7	2
4549	7	0
4550	7	1
4551	7	2
4552	7	0
4553	7	0
4554	7	0
4555	7	0
4556	7	0
4557	7	0
4558	7	0
4559	7	0
4560	7	0
4561	7	1
4562	7	1
4563	7	1
4564	7	1
4565	7	1
4566	7	1
4567	7	1
4568	7	1
4569	7	1
4570	7	1
4571	7	2
4572	7	2
4573	7	2
4574	7	2
4575	7	2
4576	7	2
4577	7	2
4578	7	2
4579	7	2
4580	7	2
4581	7	2
4582	7	0
4583	7	0
4584	7	0
4585	7	0
4586	7	0
4587	7	0
4588	7	0
4589	7	0
4590	7	0
4591	7	0
4592	7	0
4593	7	0
4594	7	1
4595	7	1
4596	7	2
4597	7	2
4598	7	2
4599	7	0
4600	7	1
4601	7	2
4602	7	0
4603	7	0
4604	7	0
4605	7	0
4606	7	0
4607	7	0
4608	7	0
4609	7	0
4610	7	0
4611	7	0
4612	7	0
4613	7	0
4614	7	0
4615	7	0
4616	7	0
4617	7	1
4618	7	0
4619	7	0
4620	7	0
4621	7	0
4622	7	2
4623	7	2
4624	7	1
4625	7	4
4626	7	4
4627	7	5
4628	7	6
4629	7	2
4630	7	3
4631	7	4
4632	7	5
4633	7	5
4634	7	5
4635	7	5
4636	7	5
4637	7	5
4638	7	5
4639	7	5
4640	7	5
4641	7	5
4642	7	0
4643	7	0
4644	7	0
4645	7	0
4646	7	0
4647	7	0
4648	7	0
4649	7	0
4650	7	0
4651	7	0
4652	7	0
4653	7	0
4654	7	0
4655	7	0
4656	7	0
4657	7	0
4658	7	0
4659	7	0
4660	7	0
4661	7	0
4662	7	0
4663	7	0
4664	7	0
4665	7	0
4666	7	0
4667	7	0
4668	7	0
4669	7	0
4670	7	0
4671	7	0
4672	7	0
4673	7	0
4674	7	0
4675	7	0
4676	7	0
4677	7	0
4678	7	0
4679	7	0
4680	7	0
4681	7	0
4682	7	6
4683	7	6
4684	7	6
4685	7	6
4686	7	6
4687	7	6
4688	7	6
4689	7	6
4690	7	6
4691	7	6
4692	7	0
4693	7	0
4694	7	0
4695	7	0
4696	7	0
4697	7	0
4698	7	0
4699	7	0
4700	7	0
4701	7	0
4702	7	0
4703	7	0
4704	7	0
4705	7	0
4706	7	0
4707	7	0
4708	7	0
4709	7	0
4710	7	0
4711	7	0
4712	7	0
4713	7	0
4714	7	0
4715	7	0
4716	7	0
4717	7	0
4718	7	0
4719	7	0
4720	7	0
4721	7	0
4722	7	0
4723	7	0
4724	7	0
4725	7	0
4726	7	0
4727	7	0
4728	7	0
4729	7	0
4730	7	0
4731	7	0
4732	7	0
4733	7	0
4734	7	0
4735	7	0
4736	7	0
4737	7	0
4738	7	0
4739	7	0
4740	7	0
4741	7	0
4742	7	0
4743	7	0
4744	7	0
4745	7	0
4746	7	0
4747	7	0
4748	7	0
4749	7	0
4750	7	0
4751	7	0
4752	7	0
4753	7	0
4754	7	0
4755	7	0
4756	7	0
4757	7	0
4758	7	0
4759	7	0
4760	7	0
4761	7	0
4762	7	2
4763	7	2
4764	7	2
4765	7	2
4766	7	2
4767	7	2
4768	7	2
4769	7	2
4770	7	2
4771	7	2
4772	7	0
4773	7	0
4774	7	0
4775	7	0
4776	7	0
4777	7	0
4778	7	0
4779	7	0
4780	7	0
4781	7	0
4782	7	0
4783	7	0
4784	7	0
4785	7	0
4786	7	0
4787	7	0
4788	7	0
4789	7	0
4790	7	0
4791	7	0
4792	7	0
4793	7	0
4794	7	0
4795	7	0
4796	7	0
4797	7	0
4798	7	0
4799	7	0
4800	7	0
4801	7	0
4802	7	0
4803	7	0
4804	7	0
4805	7	0
4806	7	0
4807	7	0
4808	7	0
4809	7	0
4810	7	0
4811	7	0
4812	7	0
4813	7	0
4814	7	0
4815	7	0
4816	7	0
4817	7	0
4818	7	0
4819	7	0
4820	7	0
4821	7	0
4822	7	0
4823	7	0
4824	7	0
4825	7	0
4826	7	0
4827	7	0
4828	7	0
4829	7	0
4830	7	0
4831	7	0
4832	7	0
4833	7	0
4834	7	0
4835	7	0
4836	7	0
4837	7	0
4838	7	0
4839	7	0
4840	7	0
4841	7	0
4842	7	0
4843	7	0
4844	7	0
4845	7	0
4846	7	0
4847	7	0
4848	7	0
4849	7	0
4850	7	0
4851	7	0
4852	7	0
4853	7	0
4854	7	0
4855	7	0
4856	7	0
4857	7	0
4858	7	0
4859	7	0
4860	7	0
4861	7	0
4862	7	0
4863	7	0
4864	7	0
4865	7	0
4866	7	0
4867	7	0
4868	7	0
4869	7	0
4870	7	0
4871	7	0
4872	7	0
4873	7	0
4874	7	0
4875	7	0
4876	7	0
4877	7	0
4878	7	0
4879	7	0
4880	7	0
4881	7	0
4882	7	0
4883	7	0
4884	7	0
4885	7	0
4886	7	0
4887	7	0
4888	7	0
4889	7	0
4890	7	0
4891	7	0
4892	7	0
4893	7	0
4894	7	0
4895	7	0
4896	7	0
4897	7	0
4898	7	0
4899	7	0
4900	7	0
4901	7	0
4902	7	0
4903	7	0
4904	7	0
4905	7	0
4906	7	0
4907	7	0
4908	7	0
4909	7	0
4910	7	0
4911	7	0
4912	7	0
4913	7	0
4914	7	0
4915	7	0
4916	7	0
4917	7	0
4918	7	0
4919	7	0
4920	7	0
4921	7	0
4922	7	0
4923	7	0
4924	7	0
4925	7	0
4926	7	0
4927	7	0
4928	7	0
4929	7	0
4930	7	0
4931	7	0
4932	7	0
4933	7	0
4934	7	0
4935	7	0
4936	7	0
4937	7	0
4938	7	0
4939	7	0
4940	7	0
4941	7	0
4942	7	0
4943	7	0
4944	7	0
4945	7	0
4946	7	0
4947	7	0
4948	7	0
4949	7	0
4950	7	0
4951	7	0
4952	7	0
4953	7	0
4954	7	0
4955	7	0
4956	7	0
4957	7	0
4958	7	0
4959	7	0
4960	7	0
4961	7	0
4962	7	0
4963	7	0
4964	7	0
4965	7	0
4966	7	0
4967	7	0
4968	7	0
4969	7	0
4970	7	0
4971	7	0
4972	7	0
4973	7	0
4974	7	0
4975	7	0
4976	7	0
4977	7	0
4978	7	0
4979	7	0
4980	7	0
4981	7	0
4982	7	0
4983	7	0
4984	7	0
4985	7	0
4986	7	0
4987	7	0
4988	7	0
4989	7	0
4990	7	0
4991	7	0
4992	7	0
4993	7	0
4994	7	0
4995	7	0
4996	7	0
4997	7	0
4998	7	0
4999	7	0
5000	7	0
5001	7	0
5002	7	0
5003	7	0
5004	7	0
5005	7	0
5006	7	0
5007	7	0
5008	7	0
5009	7	0
5010	7	0
5011	7	0
5012	7	0
5013	7	0
5014	7	0
5015	7	0
5016	7	0
5017	7	0
5018	7	0
5019	7	0
5020	7	0
5021	7	0
5022	7	0
5023	7	0
5024	7	0
5025	7	0
5026	7	0
5027	7	0
5028	7	0
5029	7	0
5030	7	0
5031	7	0
5032	7	0
5033	7	0
5034	7	0
5035	7	0
5036	7	0
5037	7	0
5038	7	0
5039	7	0
5040	7	0
5041	7	0
5042	7	0
5043	7	0
5044	7	0
5045	7	0
5046	7	0
5047	7	0
5048	7	0
5049	7	0
5050	7	0
5051	7	0
5052	7	0
5053	7	0
5054	7	0
5055	7	0
5056	7	0
5057	7	0
5058	7	0
5059	7	0
5060	7	0
5061	7	0
5062	7	0
5063	7	0
5064	7	0
5065	7	0
5066	7	0
5067	7	0
5068	7	0
5069	7	0
5070	7	0
5071	7	0
5072	7	0
5073	7	0
5074	7	0
5075	7	0
5076	7	0
5077	7	0
5078	7	0
5079	7	0
5080	7	0
5081	7	0
5082	7	0
5083	7	0
5084	7	0
5085	7	0
5086	7	0
5087	7	0
5088	7	0
5089	7	0
5090	7	0
5091	7	0
5092	7	0
5093	7	0
5094	7	0
5095	7	0
5096	7	0
5097	7	0
5098	7	0
5099	7	0
5100	7	0
5101	7	0
5102	7	0
5103	7	0
5104	7	0
5105	7	0
5106	7	0
5107	7	0
5108	7	0
5109	7	0
5110	7	0
5111	7	0
5112	7	0
5113	7	0
5114	7	0
5115	7	0
5116	7	0
5117	7	0
5118	7	0
5119	7	0
5120	7	0
5121	7	0
5122	7	0
5123	7	0
5124	7	0
5125	7	0
5126	7	0
5127	7	0
5128	7	0
5129	7	0
5130	7	0
5131	7	0
5132	7	0
5133	7	0
5134	7	0
5135	7	0
5136	7	0
5137	7	0
5138	7	0
5139	7	0
5140	7	0
5141	7	0
5142	7	0
5143	7	0
5144	7	0
5145	7	0
5146	7	0
5147	7	0
5148	7	0
5149	7	0
5150	7	0
5151	7	0
5152	7	0
5153	7	0
5154	7	0
5155	7	0
5156	7	0
5157	7	0
5158	7	0
5159	7	0
5160	7	0
5161	7	0
5162	7	0
5163	7	0
5164	7	0
5165	7	0
5166	7	0
5167	7	0
5168	7	0
5169	7	0
5170	7	0
5171	7	0
5172	7	0
5173	7	0
5174	7	0
5175	7	0
5176	7	0
5177	7	0
5178	7	0
5179	7	0
5180	7	0
5181	7	0
5182	7	0
5183	7	0
5184	7	0
5185	7	0
5186	7	0
5187	7	0
5188	7	0
5189	7	0
5190	7	0
5191	7	0
5192	7	0
5193	7	0
5194	7	0
5195	7	0
5196	7	0
5197	7	0
5198	7	0
5199	7	0
5200	7	0
5201	7	0
5202	7	0
5203	7	0
5204	7	0
5205	7	0
5206	7	0
5207	7	0
5208	7	0
5209	7	0
5210	7	0
5211	7	0
5212	7	0
5213	7	0
5214	7	0
5215	7	0
5216	7	0
5217	7	0
5218	7	0
5219	7	0
5220	7	0
5221	7	0
5222	7	0
5223	7	0
5224	7	0
5225	7	0
5226	7	0
5227	7	0
5228	7	0
5229	7	0
5230	7	0
5231	7	0
5232	7	0
5233	7	0
5234	7	0
5235	7	0
5236	7	0
5237	7	0
5238	7	0
5239	7	0
5240	7	0
5241	7	0
5242	7	0
5243	7	0
5244	7	0
5245	7	0
5246	7	0
5247	7	0
5248	7	0
5249	7	0
5250	7	0
5251	7	0
5252	7	0
5253	7	0
5254	7	0
5255	7	0
5256	7	0
5257	7	0
5258	7	0
5259	7	0
5260	7	0
5261	7	0
5262	7	0
5263	7	0
5264	7	0
5265	7	0
5266	7	0
5267	7	0
5268	7	0
5269	7	0
5270	7	0
5271	7	0
5272	7	0
5273	7	0
5274	7	0
5275	7	0
5276	7	0
5277	7	0
5278	7	0
5279	7	0
5280	7	0
5281	7	0
5282	7	0
5283	7	0
5284	7	0
5285	7	0
5286	7	0
5287	7	0
5288	7	0
5289	7	0
5290	7	0
5291	7	0
5292	7	0
5293	7	0
5294	7	0
5295	7	0
5296	7	0
5297	7	0
5298	7	0
5299	7	0
5300	7	0
5301	7	0
5302	7	0
5303	7	0
5304	7	0
5305	7	0
5306	7	0
5307	7	0
5308	7	0
5309	7	0
5310	7	0
5311	7	0
5312	7	0
5313	7	0
5314	7	0
5315	7	0
5316	7	0
5317	7	0
5318	7	0
5319	7	0
5320	7	0
5321	7	0
5322	7	0
5323	7	0
5324	7	0
5325	7	0
5326	7	0
5327	7	0
5328	7	0
5329	7	0
5330	7	0
5331	7	0
5332	7	0
5333	7	0
5334	7	0
5335	7	0
5336	7	0
5337	7	0
5338	7	0
5339	7	0
5340	7	0
5341	7	0
5342	7	0
5343	7	0
5344	7	0
5345	7	0
5346	7	0
5347	7	0
5348	7	0
5349	7	0
5350	7	0
5351	7	0
5352	7	0
5353	7	0
5354	7	0
5355	7	0
5356	7	0
5357	7	0
5358	7	0
5359	7	0
5360	7	0
5361	7	0
5362	7	0
5363	7	0
5364	7	0
5365	7	0
5366	7	0
5367	7	0
5368	7	0
5369	7	0
5370	7	0
5371	7	0
5372	7	0
5373	7	0
5374	7	0
5375	7	0
5376	7	0
5377	7	0
5378	7	0
5379	7	0
5380	7	0
5381	7	0
5382	7	0
5383	7	0
5384	7	0
5385	7	0
5386	7	0
5387	7	0
5388	7	0
5389	7	0
5390	7	0
5391	7	0
5392	7	0
5393	7	0
5394	7	0
5395	7	0
5396	7	0
5397	7	0
5398	7	0
5399	7	0
5400	7	0
5401	7	0
5402	7	0
5403	7	0
5404	7	0
5405	7	0
5406	7	0
5407	7	0
5408	7	0
5409	7	0
5410	7	0
5411	7	0
5412	7	0
5413	7	0
5414	7	0
5415	7	0
5416	7	0
5417	7	0
5418	7	0
5419	7	0
5420	7	0
5421	7	0
5422	7	0
5423	7	0
5424	7	0
5425	7	0
5426	7	0
5427	7	0
5428	7	0
5429	7	0
5430	7	0
5431	7	0
5432	7	0
5433	7	0
5434	7	0
5435	7	0
5436	7	0
5437	7	0
5438	7	0
5439	7	0
5440	7	0
5441	7	0
5442	7	0
5443	7	0
5444	7	0
5445	7	0
5446	7	0
5447	7	0
5448	7	0
5449	7	0
5450	7	0
5451	7	0
5452	7	0
5453	7	0
5454	7	0
5455	7	0
5456	7	0
5457	7	0
5458	7	0
5459	7	0
5460	7	0
5461	7	0
5462	7	0
5463	7	0
5464	7	0
5465	7	0
5466	7	0
5467	7	0
5468	7	0
5469	7	0
5470	7	0
5471	7	0
5472	7	0
5473	7	0
5474	7	0
5475	7	0
5476	7	0
5477	7	0
5478	7	0
5479	7	0
5480	7	0
5481	7	0
5482	7	0
5483	7	0
5484	7	0
5485	7	0
5486	7	0
5487	7	0
5488	7	0
5489	7	0
5490	7	0
5491	7	0
5492	7	0
5493	7	0
5494	7	0
5495	7	0
5496	7	0
5497	7	0
5498	7	0
5499	7	0
5500	7	0
5501	7	0
5502	7	0
5503	7	0
5504	7	0
5505	7	0
5506	7	0
5507	7	0
5508	7	0
5509	7	0
5510	7	0
5511	7	0
5512	7	0
5513	7	0
5514	7	0
5515	7	0
5516	7	0
5517	7	0
5518	7	0
5519	7	0
5520	7	0
5521	7	0
5522	7	0
5523	7	0
5524	7	0
5525	7	0
5526	7	0
5527	7	0
5528	7	0
5529	7	0
5530	7	0
5531	7	0
5532	7	0
5533	7	0
5534	7	0
5535	7	0
5536	7	0
5537	7	0
5538	7	0
5539	7	0
5540	7	0
5541	7	0
5542	7	0
5543	7	0
5544	7	0
5545	7	0
5546	7	0
5547	7	0
5548	7	0
5549	7	0
5550	7	0
5551	7	0
5552	7	0
5553	7	0
5554	7	0
5555	7	0
5556	7	0
5557	7	0
5558	7	0
5559	7	0
5560	7	0
5561	7	0
5562	7	0
5563	7	0
5564	7	0
5565	7	0
5566	7	0
5567	7	0
5568	7	0
5569	7	0
5570	7	0
5571	7	0
5572	7	0
5573	7	0
5574	7	0
5575	7	0
5576	7	0
5577	7	0
5578	7	0
5579	7	0
5580	7	0
5581	7	0
5582	7	0
5583	7	0
5584	7	0
5585	7	0
5586	7	0
5587	7	0
5588	7	0
5589	7	0
5590	7	0
5591	7	0
5592	7	0
5593	7	0
5594	7	0
5595	7	0
5596	7	0
5597	7	0
5598	7	0
5599	7	0
5600	7	0
5601	7	0
5602	7	0
5603	7	0
5604	7	0
5605	7	0
5606	7	0
5607	7	0
5608	7	0
5609	7	0
5610	7	0
5611	7	0
5612	7	0
5613	7	0
5614	7	0
5615	7	0
5616	7	0
5617	7	0
5618	7	0
5619	7	0
5620	7	0
5621	7	0
5622	7	0
5623	7	0
5624	7	0
5625	7	0
5626	7	0
5627	7	0
5628	7	0
5629	7	0
5630	7	0
5631	7	0
5632	7	0
5633	7	0
5634	7	0
5635	7	0
5636	7	0
5637	7	0
5638	7	0
5639	7	0
5640	7	0
5641	7	0
5642	7	0
5643	7	0
5644	7	0
5645	7	0
5646	7	0
5647	7	0
5648	7	0
5649	7	0
5650	7	0
5651	7	0
5652	7	0
5653	7	0
5654	7	0
5655	7	0
5656	7	0
5657	7	0
5658	7	0
5659	7	0
5660	7	0
5661	7	0
5662	7	0
5663	7	0
5664	7	0
5665	7	0
5666	7	0
5667	7	0
5668	7	0
5669	7	0
5670	7	0
5671	7	0
5672	7	0
5673	7	0
5674	7	0
5675	7	0
5676	7	0
5677	7	0
5678	7	0
5679	7	0
5680	7	0
5681	7	0
5682	7	0
5683	7	0
5684	7	0
5685	7	0
5686	7	0
5687	7	0
5688	7	0
5689	7	0
5690	7	0
5691	7	0
5692	7	0
5693	7	0
5694	7	0
5695	7	0
5696	7	0
5697	7	0
5698	7	0
5699	7	0
5700	7	0
5701	7	0
5702	7	0
5703	7	0
5704	7	0
5705	7	0
5706	7	0
5707	7	0
5708	7	0
5709	7	0
5710	7	0
5711	7	0
5712	7	0
5713	7	0
5714	7	0
5715	7	0
5716	7	0
5717	7	0
5718	7	0
5719	7	0
5720	7	0
5721	7	0
5722	7	0
5723	7	0
5724	7	0
5725	7	0
5726	7	0
5727	7	0
5728	7	0
5729	7	0
5730	7	0
5731	7	0
5732	7	0
5733	7	0
5734	7	0
5735	7	0
5736	7	0
5737	7	0
5738	7	0
5739	7	0
5740	7	0
5741	7	0
5742	7	0
5743	7	0
5744	7	0
5745	7	0
5746	7	0
5747	7	0
5748	7	0
5749	7	0
5750	7	0
5751	7	0
5752	7	0
5753	7	0
5754	7	0
5755	7	0
5756	7	0
5757	7	0
5758	7	0
5759	7	0
5760	7	0
5761	7	0
5762	7	0
5763	7	0
5764	7	0
5765	7	0
5766	7	0
5767	7	0
5768	7	0
5769	7	0
5770	7	0
5771	7	0
5772	7	0
5773	7	0
5774	7	0
5775	7	0
5776	7	0
5777	7	0
5778	7	0
5779	7	0
5780	7	0
5781	7	0
5782	7	0
5783	7	0
5784	7	0
5785	7	0
5786	7	0
5787	7	0
5788	7	0
5789	7	0
5790	7	0
5791	7	0
5792	7	0
5793	7	0
5794	7	0
5795	7	0
5796	7	0
5797	7	0
5798	7	0
5799	7	0
5800	7	0
5801	7	0
5802	7	0
5803	7	0
5804	7	0
5805	7	0
5806	7	0
5807	7	0
5808	7	0
5809	7	0
5810	7	0
5811	7	0
5812	7	0
5813	7	0
5814	7	0
5815	7	0
5816	7	0
5817	7	0
5818	7	0
5819	7	0
5820	7	0
5821	7	0
5822	7	0
5823	7	0
5824	7	0
5825	7	0
5826	7	0
5827	7	0
5828	7	0
5829	7	0
5830	7	0
5831	7	0
5832	7	0
5833	7	0
5834	7	0
5835	7	0
5836	7	0
5837	7	0
5838	7	0
5839	7	0
5840	7	0
5841	7	0
5842	7	0
5843	7	0
5844	7	0
5845	7	0
5846	7	0
5847	7	0
5848	7	0
5849	7	0
5850	7	0
5851	7	0
5852	7	0
5853	7	0
5854	7	0
5855	7	0
5856	7	0
5857	7	0
5858	7	0
5859	7	0
5860	7	0
5861	7	0
5862	7	0
5863	7	0
5864	7	0
5865	7	0
5866	7	0
5867	7	0
5868	7	0
5869	7	0
5870	7	0
5871	7	0
5872	7	0
5873	7	0
5874	7	0
5875	7	0
5876	7	0
5877	7	0
5878	7	0
5879	7	0
5880	7	0
5881	7	0
5882	7	0
5883	7	0
5884	7	0
5885	7	0
5886	7	0
5887	7	0
5888	7	0
5889	7	0
5890	7	0
5891	7	0
5892	7	0
5893	7	0
5894	7	0
5895	7	0
5896	7	0
5897	7	0
5898	7	0
5899	7	0
5900	7	0
5901	7	0
5902	7	0
5903	7	0
5904	7	0
5905	7	0
5906	7	0
5907	7	0
5908	7	0
5909	7	0
5910	7	0
5911	7	0
5912	7	0
5913	7	0
5914	7	0
5915	7	0
5916	7	0
5917	7	0
5918	7	0
5919	7	0
5920	7	0
5921	7	0
5922	7	0
5923	7	0
5924	7	0
5925	7	0
5926	7	0
5927	7	0
5928	7	0
5929	7	0
5930	7	0
5931	7	0
5932	7	0
5933	7	0
5934	7	0
5935	7	0
5936	7	0
5937	7	0
5938	7	0
5939	7	0
5940	7	0
5941	7	0
5942	7	0
5943	7	0
5944	7	0
5945	7	0
5946	7	0
5947	7	0
5948	7	0
5949	7	0
5950	7	0
5951	7	0
5952	2	0
5953	2	0
5954	2	1
5955	2	2
5956	3	0
5957	3	1
5958	3	2
5959	4	0
5960	4	1
5961	4	2
5962	6	0
5963	6	0
5964	6	0
5965	6	0
5966	6	0
5967	6	0
5968	6	0
5969	6	0
5970	6	0
5971	6	1
5972	6	1
5973	6	1
5974	6	1
5975	6	1
5976	6	1
5977	6	1
5978	6	1
5979	6	1
5980	6	1
5981	6	2
5982	6	2
5983	6	2
5984	6	2
5985	6	2
5986	6	2
5987	6	2
5988	6	2
5989	6	2
5990	6	2
5991	6	2
5992	7	0
5993	7	0
5994	7	0
5995	7	0
5996	7	0
5997	7	0
5998	7	0
5999	7	0
6000	7	0
6001	7	0
6002	2	0
6003	2	0
6004	3	1
6005	3	1
6006	3	2
6007	3	2
6008	3	2
6009	4	0
6010	4	1
6011	4	2
6012	7	0
6013	7	0
6014	7	0
6015	7	0
6016	7	0
6017	7	0
6018	7	0
6019	7	0
6020	7	0
6021	7	0
6022	3	0
6023	3	0
6024	5	0
6025	6	0
6026	7	0
6027	7	1
6028	7	0
6029	7	0
6030	7	0
6031	7	0
6032	3	2
6033	3	2
6034	4	1
6035	4	4
6036	6	4
6037	6	5
6038	6	6
6039	7	2
6040	7	3
6041	7	4
6042	7	5
6043	7	5
6044	7	5
6045	7	5
6046	7	5
6047	7	5
6048	7	5
6049	7	5
6050	7	5
6051	7	5
6052	12	0
6053	12	0
6054	12	0
6055	12	0
6056	12	0
6057	12	0
6058	12	0
6059	12	0
6060	12	0
6061	13	0
6062	13	0
6063	13	0
6064	13	0
6065	13	0
6066	13	0
6067	13	0
6068	13	0
6069	13	0
6070	13	0
6071	12	0
6072	12	0
6073	12	0
6074	12	0
6075	12	0
6076	12	0
6077	12	0
6078	12	0
6079	12	0
6080	12	0
6081	13	0
6082	13	0
6083	13	0
6084	13	0
6085	13	0
6086	13	0
6087	13	0
6088	13	0
6089	13	0
6090	13	0
6091	13	0
6092	7	6
6093	7	6
6094	7	6
6095	7	6
6096	7	6
6097	7	6
6098	7	6
6099	7	6
6100	7	6
6101	7	6
6102	13	0
6103	13	0
6104	13	0
6105	13	0
6106	13	0
6107	13	0
6108	13	0
6109	13	0
6110	13	0
6111	13	0
6112	13	0
6113	13	0
6114	13	0
6115	13	0
6116	13	0
6117	13	0
6118	13	0
6119	13	0
6120	13	0
6121	13	0
6122	13	0
6123	13	0
6124	13	0
6125	13	0
6126	13	0
6127	13	0
6128	13	0
6129	13	0
6130	13	0
6131	13	0
6132	13	0
6133	13	0
6134	13	0
6135	13	0
6136	13	0
6137	13	0
6138	13	0
6139	13	0
6140	13	0
6141	13	0
6142	13	0
6143	13	0
6144	13	0
6145	13	0
6146	13	0
6147	13	0
6148	13	0
6149	13	0
6150	13	0
6151	13	0
6152	13	0
6153	13	0
6154	13	0
6155	13	0
6156	13	0
6157	13	0
6158	13	0
6159	13	0
6160	13	0
6161	13	0
6162	13	0
6163	13	0
6164	13	0
6165	13	0
6166	13	0
6167	13	0
6168	13	0
6169	13	0
6170	13	0
6171	13	0
6172	7	2
6173	7	2
6174	7	2
6175	7	2
6176	7	2
6177	7	2
6178	7	2
6179	7	2
6180	7	2
6181	7	2
6182	7	0
6183	7	0
6184	7	0
6185	7	0
6186	7	0
6187	7	0
6188	7	0
6189	7	0
6190	7	0
6191	7	0
6192	7	0
6193	7	0
6194	7	0
6195	7	0
6196	7	0
6197	7	0
6198	7	0
6199	7	0
6200	7	0
6201	7	0
