武器装备编号	人物部件编号	调色板
1	2	0
2	3	0
3	4	0
4	5	0
5	6	0
6	7	0
7	8	0
8	9	0
9	10	0
10	11	0
11	12	0
12	23	0
13	24	0
14	25	0
15	26	0
16	27	0
17	28	0
18	29	0
19	30	0
20	31	0
21	32	0
22	3	0
23	4	0
24	5	0
25	6	0
26	7	0
27	8	0
28	9	0
29	10	0
30	11	0
31	12	0
32	3	0
33	4	0
34	5	0
35	6	0
36	7	0
37	8	0
38	9	0
39	10	0
40	11	0
41	12	0
42	3	4
43	4	4
44	5	4
45	6	4
46	7	4
47	8	4
48	9	4
49	10	4
50	11	4
51	12	4
52	23	4
53	24	4
54	25	4
55	26	4
56	27	4
57	28	4
58	29	4
59	30	4
60	31	4
61	32	4
62	3	4
63	4	4
64	5	4
65	6	4
66	7	4
67	8	4
68	9	4
69	10	4
70	11	4
71	12	4
72	3	4
73	4	4
74	5	4
75	6	4
76	7	4
77	8	4
78	9	4
79	10	4
80	11	4
81	12	4
82	3	0
83	3	0
84	3	0
85	3	0
86	3	0
87	3	0
88	3	0
89	3	0
90	3	0
91	3	0
92	3	0
93	3	0
94	3	0
95	3	0
96	3	0
97	3	0
98	3	0
99	3	0
100	3	0
101	3	0
102	3	0
103	3	0
104	3	0
105	3	0
106	3	0
107	3	0
108	3	0
109	3	0
110	3	0
111	3	0
112	3	0
113	3	0
114	3	0
115	3	0
116	3	0
117	3	0
118	3	0
119	3	0
120	3	0
121	3	0
122	3	0
123	3	0
124	3	0
125	3	0
126	3	0
127	3	0
128	3	0
129	3	0
130	3	0
131	3	0
132	10	2
133	10	2
134	10	2
135	10	2
136	10	2
137	10	2
138	10	2
139	10	2
140	10	2
141	10	2
142	11	2
143	11	2
144	11	2
145	11	2
146	11	2
147	11	2
148	11	2
149	11	2
150	11	2
151	11	2
152	12	2
153	12	2
154	12	2
155	12	2
156	12	2
157	12	2
158	12	2
159	12	2
160	12	2
161	12	2
162	30	2
163	30	2
164	30	2
165	30	2
166	30	2
167	30	2
168	30	2
169	30	2
170	30	2
171	30	2
172	31	2
173	31	2
174	31	2
175	31	2
176	31	2
177	31	2
178	31	2
179	31	2
180	31	2
181	31	2
182	32	2
183	32	2
184	32	2
185	32	2
186	32	2
187	32	2
188	32	2
189	32	2
190	32	2
191	32	2
192	10	2
193	10	2
194	10	2
195	10	2
196	10	2
197	10	2
198	10	2
199	10	2
200	10	2
201	10	2
202	11	2
203	11	2
204	11	2
205	11	2
206	11	2
207	11	2
208	11	2
209	11	2
210	11	2
211	11	2
212	12	2
213	12	2
214	12	2
215	12	2
216	12	2
217	12	2
218	12	2
219	12	2
220	12	2
221	12	2
222	10	2
223	10	2
224	10	2
225	10	2
226	10	2
227	10	2
228	10	2
229	10	2
230	10	2
231	10	2
232	11	2
233	11	2
234	11	2
235	11	2
236	11	2
237	11	2
238	11	2
239	11	2
240	11	2
241	11	2
242	12	2
243	12	2
244	12	2
245	12	2
246	12	2
247	12	2
248	12	2
249	12	2
250	12	2
251	12	2
252	13	0
253	13	0
254	13	0
255	13	0
256	13	0
257	13	0
258	13	0
259	13	0
260	13	0
261	13	0
262	14	0
263	14	0
264	14	0
265	14	0
266	14	0
267	14	0
268	14	0
269	14	0
270	14	0
271	14	0
272	3	4
273	4	4
274	5	4
275	6	4
276	7	4
277	8	4
278	9	4
279	10	4
280	11	4
281	12	4
282	23	4
283	24	4
284	25	4
285	26	4
286	27	4
287	28	4
288	29	4
289	30	4
290	31	4
291	32	4
292	3	4
293	4	4
294	5	4
295	6	4
296	7	4
297	8	4
298	9	4
299	10	4
300	11	4
301	12	4
302	3	4
303	4	4
304	5	4
305	6	4
306	7	4
307	8	4
308	9	4
309	10	4
310	11	4
311	12	4
312	3	4
313	4	4
314	5	4
315	6	4
316	7	4
317	8	4
318	9	4
319	10	4
320	11	4
321	12	4
322	23	4
323	24	4
324	25	4
325	26	4
326	27	4
327	28	4
328	29	4
329	30	4
330	31	4
331	32	4
332	3	4
333	4	4
334	5	4
335	6	4
336	7	4
337	8	4
338	9	4
339	10	4
340	11	4
341	12	4
342	3	4
343	4	4
344	5	4
345	6	4
346	7	4
347	8	4
348	9	4
349	10	4
350	11	4
351	11	4
352	47	2
353	47	2
354	47	2
355	47	2
356	47	2
357	47	2
358	47	2
359	47	2
360	47	2
361	47	2
362	23	2
363	23	2
364	23	2
365	23	2
366	23	2
367	23	2
368	23	2
369	23	2
370	23	2
371	23	2
372	23	2
373	23	2
374	23	2
375	23	2
376	23	2
377	23	2
378	23	2
379	23	2
380	23	2
381	23	2
382	47	4
383	47	4
384	47	4
385	47	4
386	47	4
387	47	4
388	47	4
389	47	4
390	47	4
391	47	4
392	43	4
393	43	4
394	43	4
395	43	4
396	43	4
397	43	4
398	43	4
399	43	4
400	43	4
401	43	4
402	23	4
403	23	4
404	23	4
405	23	4
406	23	4
407	23	4
408	23	4
409	23	4
410	23	4
411	23	4
412	23	4
413	23	4
414	23	4
415	23	4
416	23	4
417	23	4
418	23	4
419	23	4
420	23	4
421	23	4
422	48	0
423	48	0
424	48	0
425	48	0
426	48	0
427	48	0
428	48	0
429	48	0
430	48	0
431	48	0
432	44	0
433	44	0
434	44	0
435	44	0
436	44	0
437	44	0
438	44	0
439	44	0
440	44	0
441	44	0
442	24	0
443	24	0
444	24	0
445	24	0
446	24	0
447	24	0
448	24	0
449	24	0
450	24	0
451	24	0
452	24	0
453	24	0
454	24	0
455	24	0
456	24	0
457	24	0
458	24	0
459	24	0
460	24	0
461	24	0
462	47	0
463	47	0
464	47	0
465	47	0
466	47	0
467	47	0
468	47	0
469	47	0
470	47	0
471	47	0
472	43	0
473	43	0
474	43	0
475	43	0
476	43	0
477	43	0
478	43	0
479	43	0
480	43	0
481	43	0
482	23	0
483	23	0
484	23	0
485	23	0
486	23	0
487	23	0
488	23	0
489	23	0
490	23	0
491	23	0
492	23	0
493	23	0
494	23	0
495	23	0
496	23	0
497	23	0
498	23	0
499	23	0
500	23	0
501	23	0
502	48	0
503	48	0
504	48	0
505	48	0
506	48	0
507	48	0
508	48	0
509	48	0
510	48	0
511	48	0
512	44	0
513	44	0
514	44	0
515	44	0
516	44	0
517	44	0
518	44	0
519	44	0
520	44	0
521	44	0
522	24	0
523	24	0
524	24	0
525	24	0
526	24	0
527	24	0
528	24	0
529	24	0
530	24	0
531	24	0
532	24	0
533	24	0
534	24	0
535	24	0
536	24	0
537	24	0
538	24	0
539	24	0
540	24	0
541	24	0
542	47	0
543	47	0
544	47	0
545	47	0
546	47	0
547	47	0
548	47	0
549	47	0
550	47	0
551	47	0
552	43	0
553	43	0
554	43	0
555	43	0
556	43	0
557	43	0
558	43	0
559	43	0
560	43	0
561	43	0
562	23	0
563	23	0
564	23	0
565	23	0
566	23	0
567	23	0
568	23	0
569	23	0
570	23	0
571	23	0
572	23	0
573	23	0
574	23	0
575	23	0
576	23	0
577	23	0
578	23	0
579	23	0
580	23	0
581	23	0
582	48	0
583	48	0
584	48	0
585	48	0
586	48	0
587	48	0
588	48	0
589	48	0
590	48	0
591	48	0
592	44	0
593	44	0
594	44	0
595	44	0
596	44	0
597	44	0
598	44	0
599	44	0
600	44	0
601	44	0
602	24	0
603	24	0
604	24	0
605	24	0
606	24	0
607	24	0
608	24	0
609	24	0
610	24	0
611	24	0
612	24	0
613	24	0
614	24	0
615	24	0
616	24	0
617	24	0
618	24	0
619	24	0
620	24	0
621	24	0
622	43	2
623	43	2
624	43	2
625	43	2
626	43	2
627	43	2
628	43	2
629	43	2
630	43	2
631	43	2
632	47	0
633	47	0
634	47	0
635	47	0
636	47	0
637	47	0
638	47	0
639	47	0
640	47	0
641	47	0
642	43	0
643	43	0
644	43	0
645	43	0
646	43	0
647	43	0
648	43	0
649	43	0
650	43	0
651	43	0
652	23	0
653	23	0
654	23	0
655	23	0
656	23	0
657	23	0
658	23	0
659	23	0
660	23	0
661	23	0
662	23	0
663	23	0
664	23	0
665	23	0
666	23	0
667	23	0
668	23	0
669	23	0
670	23	0
671	23	0
672	48	0
673	48	0
674	48	0
675	48	0
676	48	0
677	48	0
678	48	0
679	48	0
680	48	0
681	48	0
682	44	0
683	44	0
684	44	0
685	44	0
686	44	0
687	44	0
688	44	0
689	44	0
690	44	0
691	44	0
692	24	0
693	24	0
694	24	0
695	24	0
696	24	0
697	24	0
698	24	0
699	24	0
700	24	0
701	24	0
702	24	0
703	24	0
704	24	0
705	24	0
706	24	0
707	24	0
708	24	0
709	24	0
710	24	0
711	24	0
712	3	0
713	3	0
714	3	0
715	3	0
716	3	0
717	3	0
718	3	0
719	3	0
720	3	0
721	3	0
722	13	0
723	13	0
724	13	0
725	13	0
726	13	0
727	13	0
728	13	0
729	13	0
730	13	0
731	13	0
732	34	0
733	34	0
734	34	0
735	34	0
736	34	0
737	34	0
738	34	0
739	34	0
740	34	0
741	34	0
742	13	0
743	13	0
744	13	0
745	13	0
746	13	0
747	13	0
748	13	0
749	13	0
750	13	0
751	13	0
752	13	0
753	13	0
754	13	0
755	13	0
756	13	0
757	13	0
758	13	0
759	13	0
760	13	0
761	13	0
762	14	0
763	14	0
764	14	0
765	14	0
766	14	0
767	14	0
768	14	0
769	14	0
770	14	0
771	14	0
772	33	0
773	33	0
774	33	0
775	33	0
776	33	0
777	33	0
778	33	0
779	33	0
780	33	0
781	33	0
782	14	0
783	14	0
784	14	0
785	14	0
786	14	0
787	14	0
788	14	0
789	14	0
790	14	0
791	14	0
792	14	0
793	14	0
794	14	0
795	14	0
796	14	0
797	14	0
798	14	0
799	14	0
800	14	0
801	14	0
802	13	0
803	13	0
804	13	0
805	13	0
806	13	0
807	13	0
808	13	0
809	13	0
810	13	0
811	13	0
812	34	0
813	34	0
814	34	0
815	34	0
816	34	0
817	34	0
818	34	0
819	34	0
820	34	0
821	34	0
822	13	0
823	13	0
824	13	0
825	13	0
826	13	0
827	13	0
828	13	0
829	13	0
830	13	0
831	13	0
832	13	0
833	13	0
834	13	0
835	13	0
836	13	0
837	13	0
838	13	0
839	13	0
840	13	0
841	13	0
842	52	0
843	52	0
844	52	0
845	52	0
846	52	0
847	52	0
848	52	0
849	52	0
850	52	0
851	50	0
852	50	0
853	50	0
854	50	0
855	50	0
856	50	0
857	50	0
858	50	0
859	50	0
860	50	0
861	50	0
862	27	0
863	27	0
864	27	0
865	27	0
866	27	0
867	27	0
868	27	0
869	27	0
870	27	0
871	27	0
872	53	0
873	53	0
874	53	0
875	53	0
876	53	0
877	53	0
878	53	0
879	53	0
880	53	0
881	53	0
882	51	0
883	51	0
884	51	0
885	51	0
886	51	0
887	51	0
888	51	0
889	51	0
890	51	0
891	51	0
892	51	0
893	51	0
894	51	0
895	51	0
896	51	0
897	51	0
898	51	0
899	51	0
900	51	0
901	28	0
902	28	0
903	28	0
904	28	0
905	28	0
906	28	0
907	28	0
908	28	0
909	28	0
910	28	0
911	28	0
912	13	0
913	13	0
914	13	0
915	13	0
916	13	0
917	13	0
918	13	0
919	13	0
920	13	0
921	13	0
922	43	4
923	43	4
924	43	4
925	43	4
926	43	4
927	43	4
928	43	4
929	43	4
930	43	4
931	43	4
932	47	2
933	47	2
934	47	2
935	47	2
936	47	2
937	47	2
938	47	2
939	47	2
940	47	2
941	47	2
942	23	2
943	23	2
944	23	2
945	23	2
946	23	2
947	23	2
948	23	2
949	23	2
950	23	2
951	23	2
952	23	2
953	23	2
954	23	2
955	23	2
956	23	2
957	23	2
958	23	2
959	23	2
960	23	2
961	23	2
962	43	4
963	43	4
964	43	4
965	43	4
966	43	4
967	43	4
968	43	4
969	43	4
970	43	4
971	43	4
972	47	2
973	47	2
974	47	2
975	47	2
976	47	2
977	47	2
978	47	2
979	47	2
980	47	2
981	47	2
982	23	2
983	23	2
984	23	2
985	23	2
986	23	2
987	23	2
988	23	2
989	23	2
990	23	2
991	23	2
992	23	2
993	23	2
994	23	2
995	23	2
996	23	2
997	23	2
998	23	2
999	23	2
1000	23	2
1001	23	2
1002	43	4
1003	43	4
1004	43	4
1005	43	4
1006	43	4
1007	43	4
1008	43	4
1009	43	4
1010	43	4
1011	43	4
1012	47	2
1013	47	2
1014	47	2
1015	47	2
1016	47	2
1017	47	2
1018	47	2
1019	47	2
1020	47	2
1021	47	2
1022	23	2
1023	23	2
1024	23	2
1025	23	2
1026	23	2
1027	23	2
1028	23	2
1029	23	2
1030	23	2
1031	23	2
1032	23	2
1033	23	2
1034	23	2
1035	23	2
1036	23	2
1037	23	2
1038	23	2
1039	23	2
1040	23	2
1041	23	2
1042	43	4
1043	43	4
1044	43	4
1045	43	4
1046	43	4
1047	43	4
1048	43	4
1049	43	4
1050	43	4
1051	43	4
1052	47	2
1053	47	2
1054	47	2
1055	47	2
1056	47	2
1057	47	2
1058	47	2
1059	47	2
1060	47	2
1061	47	2
1062	23	2
1063	23	2
1064	23	2
1065	23	2
1066	23	2
1067	23	2
1068	23	2
1069	23	2
1070	23	2
1071	23	2
1072	23	2
1073	23	2
1074	23	2
1075	23	2
1076	23	2
1077	23	2
1078	23	2
1079	23	2
1080	23	2
1081	23	2
1082	43	4
1083	43	4
1084	43	4
1085	43	4
1086	43	4
1087	43	4
1088	43	4
1089	43	4
1090	43	4
1091	43	4
1092	47	2
1093	47	2
1094	47	2
1095	47	2
1096	47	2
1097	47	2
1098	47	2
1099	47	2
1100	47	2
1101	47	2
1102	23	2
1103	23	2
1104	23	2
1105	23	2
1106	23	2
1107	23	2
1108	23	2
1109	23	2
1110	23	2
1111	23	2
1112	23	2
1113	23	2
1114	23	2
1115	23	2
1116	23	2
1117	23	2
1118	23	2
1119	23	2
1120	23	2
1121	23	2
1122	43	4
1123	43	4
1124	43	4
1125	43	4
1126	43	4
1127	43	4
1128	43	4
1129	43	4
1130	43	4
1131	43	4
1132	47	2
1133	47	2
1134	47	2
1135	47	2
1136	47	2
1137	47	2
1138	47	2
1139	47	2
1140	47	2
1141	47	2
1142	23	2
1143	23	2
1144	23	2
1145	23	2
1146	23	2
1147	23	2
1148	23	2
1149	23	2
1150	23	2
1151	23	2
1152	23	2
1153	23	2
1154	23	2
1155	23	2
1156	23	2
1157	23	2
1158	23	2
1159	23	2
1160	23	2
1161	23	2
1162	43	4
1163	43	4
1164	43	4
1165	43	4
1166	43	4
1167	43	4
1168	43	4
1169	43	4
1170	43	4
1171	43	4
1172	47	2
1173	47	2
1174	47	2
1175	47	2
1176	47	2
1177	47	2
1178	47	2
1179	47	2
1180	47	2
1181	47	2
1182	23	2
1183	23	2
1184	23	2
1185	23	2
1186	23	2
1187	23	2
1188	23	2
1189	23	2
1190	23	2
1191	23	2
1192	23	2
1193	23	2
1194	23	2
1195	23	2
1196	23	2
1197	23	2
1198	23	2
1199	23	2
1200	23	2
1201	23	2
1202	43	4
1203	43	4
1204	43	4
1205	43	4
1206	43	4
1207	43	4
1208	43	4
1209	43	4
1210	43	4
1211	43	4
1212	47	2
1213	47	2
1214	47	2
1215	47	2
1216	47	2
1217	47	2
1218	47	2
1219	47	2
1220	47	2
1221	47	2
1222	23	2
1223	23	2
1224	23	2
1225	23	2
1226	23	2
1227	23	2
1228	23	2
1229	23	2
1230	23	2
1231	23	2
1232	23	2
1233	23	2
1234	23	2
1235	23	2
1236	23	2
1237	23	2
1238	23	2
1239	23	2
1240	23	2
1241	23	2
1242	43	4
1243	43	4
1244	43	4
1245	43	4
1246	43	4
1247	43	4
1248	43	4
1249	43	4
1250	43	4
1251	43	4
1252	47	2
1253	47	2
1254	47	2
1255	47	2
1256	47	2
1257	47	2
1258	47	2
1259	47	2
1260	47	2
1261	47	2
1262	23	2
1263	23	2
1264	23	2
1265	23	2
1266	23	2
1267	23	2
1268	23	2
1269	23	2
1270	23	2
1271	23	2
1272	23	2
1273	23	2
1274	23	2
1275	23	2
1276	23	2
1277	23	2
1278	23	2
1279	23	2
1280	23	2
1281	23	2
1282	43	4
1283	43	4
1284	43	4
1285	43	4
1286	43	4
1287	43	4
1288	43	4
1289	43	4
1290	43	4
1291	43	4
1292	47	2
1293	47	2
1294	47	2
1295	47	2
1296	47	2
1297	47	2
1298	47	2
1299	47	2
1300	47	2
1301	47	2
1302	23	2
1303	23	2
1304	23	2
1305	23	2
1306	23	2
1307	23	2
1308	23	2
1309	23	2
1310	23	2
1311	23	2
1312	23	2
1313	23	2
1314	23	2
1315	23	2
1316	23	2
1317	23	2
1318	23	2
1319	23	2
1320	23	2
1321	23	2
1322	43	4
1323	43	4
1324	43	4
1325	43	4
1326	43	4
1327	43	4
1328	43	4
1329	43	4
1330	43	4
1331	43	4
1332	47	2
1333	47	2
1334	47	2
1335	47	2
1336	47	2
1337	47	2
1338	47	2
1339	47	2
1340	47	2
1341	47	2
1342	23	2
1343	23	2
1344	23	2
1345	23	2
1346	23	2
1347	23	2
1348	23	2
1349	23	2
1350	23	2
1351	23	2
1352	23	2
1353	23	2
1354	23	2
1355	23	2
1356	23	2
1357	23	2
1358	23	2
1359	23	2
1360	23	2
1361	23	2
1362	23	2
1363	23	2
1364	23	2
1365	23	2
1366	23	2
1367	23	2
1368	23	2
1369	23	2
1370	23	2
1371	23	2
1372	23	2
1373	23	2
1374	23	2
1375	23	2
1376	23	2
1377	23	2
1378	23	2
1379	23	2
1380	23	2
1381	23	2
1382	23	2
1383	23	2
1384	23	2
1385	23	2
1386	23	2
1387	23	2
1388	23	2
1389	23	2
1390	23	2
1391	23	2
1392	23	2
1393	23	2
1394	23	2
1395	23	2
1396	23	2
1397	23	2
1398	23	2
1399	23	2
1400	23	2
1401	23	2
1402	23	2
1403	23	2
1404	23	2
1405	23	2
1406	23	2
1407	23	2
1408	23	2
1409	23	2
1410	23	2
1411	23	2
1412	23	2
1413	23	2
1414	23	2
1415	23	2
1416	23	2
1417	23	2
1418	23	2
1419	23	2
1420	23	2
1421	23	2
1422	23	2
1423	23	2
1424	23	2
1425	23	2
1426	23	2
1427	23	2
1428	23	2
1429	23	2
1430	23	2
1431	23	2
1432	23	2
1433	23	2
1434	23	2
1435	23	2
1436	23	2
1437	23	2
1438	23	2
1439	23	2
1440	23	2
1441	23	2
1442	23	2
1443	23	2
1444	23	2
1445	23	2
1446	23	2
1447	23	2
1448	23	2
1449	23	2
1450	23	2
1451	23	2
1452	23	2
1453	23	2
1454	23	2
1455	23	2
1456	23	2
1457	23	2
1458	23	2
1459	23	2
1460	23	2
1461	23	2
1462	23	2
1463	23	2
1464	23	2
1465	23	2
1466	23	2
1467	23	2
1468	23	2
1469	23	2
1470	23	2
1471	23	2
1472	23	2
1473	23	2
1474	23	2
1475	23	2
1476	23	2
1477	23	2
1478	23	2
1479	23	2
1480	23	2
1481	23	2
1482	43	4
1483	43	4
1484	43	4
1485	43	4
1486	43	4
1487	43	4
1488	43	4
1489	43	4
1490	43	4
1491	43	4
1492	47	2
1493	47	2
1494	47	2
1495	47	2
1496	47	2
1497	47	2
1498	47	2
1499	47	2
1500	47	2
1501	47	2
1502	23	2
1503	23	2
1504	23	2
1505	23	2
1506	23	2
1507	23	2
1508	23	2
1509	23	2
1510	23	2
1511	23	2
1512	23	2
1513	23	2
1514	23	2
1515	23	2
1516	23	2
1517	23	2
1518	23	2
1519	23	2
1520	23	2
1521	23	2
1522	43	4
1523	43	4
1524	43	4
1525	43	4
1526	43	4
1527	43	4
1528	43	4
1529	43	4
1530	43	4
1531	43	4
1532	47	2
1533	47	2
1534	47	2
1535	47	2
1536	47	2
1537	47	2
1538	47	2
1539	47	2
1540	47	2
1541	47	2
1542	23	2
1543	23	2
1544	23	2
1545	23	2
1546	23	2
1547	23	2
1548	23	2
1549	23	2
1550	23	2
1551	23	2
1552	23	2
1553	23	2
1554	23	2
1555	23	2
1556	23	2
1557	23	2
1558	23	2
1559	23	2
1560	23	2
1561	23	2
1562	43	4
1563	43	4
1564	43	4
1565	43	4
1566	43	4
1567	43	4
1568	43	4
1569	43	4
1570	43	4
1571	43	4
1572	47	2
1573	47	2
1574	47	2
1575	47	2
1576	47	2
1577	47	2
1578	47	2
1579	47	2
1580	47	2
1581	47	2
1582	23	2
1583	23	2
1584	23	2
1585	23	2
1586	23	2
1587	23	2
1588	23	2
1589	23	2
1590	23	2
1591	23	2
1592	23	2
1593	23	2
1594	23	2
1595	23	2
1596	23	2
1597	23	2
1598	23	2
1599	23	2
1600	23	2
1601	23	2
1602	43	4
1603	43	4
1604	43	4
1605	43	4
1606	43	4
1607	43	4
1608	43	4
1609	43	4
1610	43	4
1611	43	4
1612	47	2
1613	47	2
1614	47	2
1615	47	2
1616	47	2
1617	47	2
1618	47	2
1619	47	2
1620	47	2
1621	47	2
1622	23	2
1623	23	2
1624	23	2
1625	23	2
1626	23	2
1627	23	2
1628	23	2
1629	23	2
1630	23	2
1631	23	2
1632	23	2
1633	23	2
1634	23	2
1635	23	2
1636	23	2
1637	23	2
1638	23	2
1639	23	2
1640	23	2
1641	23	2
1642	43	4
1643	43	4
1644	43	4
1645	43	4
1646	43	4
1647	43	4
1648	43	4
1649	43	4
1650	43	4
1651	43	4
1652	47	2
1653	47	2
1654	47	2
1655	47	2
1656	47	2
1657	47	2
1658	47	2
1659	47	2
1660	47	2
1661	47	2
1662	23	2
1663	23	2
1664	23	2
1665	23	2
1666	23	2
1667	23	2
1668	23	2
1669	23	2
1670	23	2
1671	23	2
1672	23	2
1673	23	2
1674	23	2
1675	23	2
1676	23	2
1677	23	2
1678	23	2
1679	23	2
1680	23	2
1681	23	2
1682	43	4
1683	43	4
1684	43	4
1685	43	4
1686	43	4
1687	43	4
1688	43	4
1689	43	4
1690	43	4
1691	43	4
1692	47	2
1693	47	2
1694	47	2
1695	47	2
1696	47	2
1697	47	2
1698	47	2
1699	47	2
1700	47	2
1701	47	2
1702	23	2
1703	23	2
1704	23	2
1705	23	2
1706	23	2
1707	23	2
1708	23	2
1709	23	2
1710	23	2
1711	23	2
1712	23	2
1713	23	2
1714	23	2
1715	23	2
1716	23	2
1717	23	2
1718	23	2
1719	23	2
1720	23	2
1721	23	2
1722	43	4
1723	43	4
1724	43	4
1725	43	4
1726	43	4
1727	43	4
1728	43	4
1729	43	4
1730	43	4
1731	43	4
1732	47	2
1733	47	2
1734	47	2
1735	47	2
1736	47	2
1737	47	2
1738	47	2
1739	47	2
1740	47	2
1741	47	2
1742	23	2
1743	23	2
1744	23	2
1745	23	2
1746	23	2
1747	23	2
1748	23	2
1749	23	2
1750	23	2
1751	23	2
1752	23	2
1753	23	2
1754	23	2
1755	23	2
1756	23	2
1757	23	2
1758	23	2
1759	23	2
1760	23	2
1761	23	2
1762	43	4
1763	43	4
1764	43	4
1765	43	4
1766	43	4
1767	43	4
1768	43	4
1769	43	4
1770	43	4
1771	43	4
1772	47	2
1773	47	2
1774	47	2
1775	47	2
1776	47	2
1777	47	2
1778	47	2
1779	47	2
1780	47	2
1781	47	2
1782	23	2
1783	23	2
1784	23	2
1785	23	2
1786	23	2
1787	23	2
1788	23	2
1789	23	2
1790	23	2
1791	23	2
1792	23	2
1793	23	2
1794	23	2
1795	23	2
1796	23	2
1797	23	2
1798	23	2
1799	23	2
1800	23	2
1801	23	2
1802	43	4
1803	43	4
1804	43	4
1805	43	4
1806	43	4
1807	43	4
1808	43	4
1809	43	4
1810	43	4
1811	43	4
1812	47	2
1813	47	2
1814	47	2
1815	47	2
1816	47	2
1817	47	2
1818	47	2
1819	47	2
1820	47	2
1821	47	2
1822	23	2
1823	23	2
1824	23	2
1825	23	2
1826	23	2
1827	23	2
1828	23	2
1829	23	2
1830	23	2
1831	23	2
1832	23	2
1833	23	2
1834	23	2
1835	23	2
1836	23	2
1837	23	2
1838	23	2
1839	23	2
1840	23	2
1841	23	2
1842	43	4
1843	43	4
1844	43	4
1845	43	4
1846	43	4
1847	43	4
1848	43	4
1849	43	4
1850	43	4
1851	43	4
1852	47	2
1853	47	2
1854	47	2
1855	47	2
1856	47	2
1857	47	2
1858	47	2
1859	47	2
1860	47	2
1861	47	2
1862	23	2
1863	23	2
1864	23	2
1865	23	2
1866	23	2
1867	23	2
1868	23	2
1869	23	2
1870	23	2
1871	23	2
1872	23	2
1873	23	2
1874	23	2
1875	23	2
1876	23	2
1877	23	2
1878	23	2
1879	23	2
1880	23	2
1881	23	2
1882	43	4
1883	43	4
1884	43	4
1885	43	4
1886	43	4
1887	43	4
1888	43	4
1889	43	4
1890	43	4
1891	43	4
1892	47	2
1893	47	2
1894	47	2
1895	47	2
1896	47	2
1897	47	2
1898	47	2
1899	47	2
1900	47	2
1901	47	2
1902	23	2
1903	23	2
1904	23	2
1905	23	2
1906	23	2
1907	23	2
1908	23	2
1909	23	2
1910	23	2
1911	23	2
1912	23	2
1913	23	2
1914	23	2
1915	23	2
1916	23	2
1917	23	2
1918	23	2
1919	23	2
1920	23	2
1921	23	2
1922	43	4
1923	43	4
1924	43	4
1925	43	4
1926	43	4
1927	43	4
1928	43	4
1929	43	4
1930	43	4
1931	43	4
1932	47	2
1933	47	2
1934	47	2
1935	47	2
1936	47	2
1937	47	2
1938	47	2
1939	47	2
1940	47	2
1941	47	2
1942	23	2
1943	23	2
1944	23	2
1945	23	2
1946	23	2
1947	23	2
1948	23	2
1949	23	2
1950	23	2
1951	23	2
1952	23	2
1953	23	2
1954	23	2
1955	23	2
1956	23	2
1957	23	2
1958	23	2
1959	23	2
1960	23	2
1961	23	2
1962	43	4
1963	43	4
1964	43	4
1965	43	4
1966	43	4
1967	43	4
1968	43	4
1969	43	4
1970	43	4
1971	43	4
1972	47	2
1973	47	2
1974	47	2
1975	47	2
1976	47	2
1977	47	2
1978	47	2
1979	47	2
1980	47	2
1981	47	2
1982	23	2
1983	23	2
1984	23	2
1985	23	2
1986	23	2
1987	23	2
1988	23	2
1989	23	2
1990	23	2
1991	23	2
1992	23	2
1993	23	2
1994	23	2
1995	23	2
1996	23	2
1997	23	2
1998	23	2
1999	23	2
2000	23	2
2001	23	2
2002	23	2
2003	23	2
2004	23	2
2005	23	2
2006	23	2
2007	23	2
2008	23	2
2009	23	2
2010	23	2
2011	23	2
2012	23	2
2013	23	2
2014	23	2
2015	23	2
2016	23	2
2017	23	2
2018	23	2
2019	23	2
2020	23	2
2021	23	2
2022	23	2
2023	23	2
2024	23	2
2025	23	2
2026	23	2
2027	23	2
2028	23	2
2029	23	2
2030	23	2
2031	23	2
2032	23	2
2033	23	2
2034	23	2
2035	23	2
2036	23	2
2037	23	2
2038	23	2
2039	23	2
2040	23	2
2041	23	2
2042	23	2
2043	23	2
2044	23	2
2045	23	2
2046	23	2
2047	23	2
2048	23	2
2049	23	2
2050	23	2
2051	23	2
2052	23	2
2053	23	2
2054	23	2
2055	23	2
2056	23	2
2057	23	2
2058	23	2
2059	23	2
2060	23	2
2061	23	2
2062	23	2
2063	23	2
2064	23	2
2065	23	2
2066	23	2
2067	23	2
2068	23	2
2069	23	2
2070	23	2
2071	23	2
2072	23	2
2073	23	2
2074	23	2
2075	23	2
2076	23	2
2077	23	2
2078	23	2
2079	23	2
2080	23	2
2081	23	2
2082	23	2
2083	23	2
2084	23	2
2085	23	2
2086	23	2
2087	23	2
2088	23	2
2089	23	2
2090	23	2
2091	23	2
2092	23	2
2093	23	2
2094	23	2
2095	23	2
2096	23	2
2097	23	2
2098	23	2
2099	23	2
2100	23	2
2101	23	2
2102	23	2
2103	23	2
2104	23	2
2105	23	2
2106	23	2
2107	23	2
2108	23	2
2109	23	2
2110	23	2
2111	23	2
2112	23	2
2113	23	2
2114	23	2
2115	23	2
2116	23	2
2117	23	2
2118	23	2
2119	23	2
2120	23	2
2121	23	2
2122	23	2
2123	23	2
2124	23	2
2125	23	2
2126	23	2
2127	23	2
2128	23	2
2129	23	2
2130	23	2
2131	23	2
2132	23	2
2133	23	2
2134	23	2
2135	23	2
2136	23	2
2137	23	2
2138	23	2
2139	23	2
2140	23	2
2141	23	2
2142	23	2
2143	23	2
2144	23	2
2145	23	2
2146	23	2
2147	23	2
2148	23	2
2149	23	2
2150	23	2
2151	23	2
2152	23	2
2153	23	2
2154	23	2
2155	23	2
2156	23	2
2157	23	2
2158	23	2
2159	23	2
2160	23	2
2161	23	2
2162	23	2
2163	23	2
2164	23	2
2165	23	2
2166	23	2
2167	23	2
2168	23	2
2169	23	2
2170	23	2
2171	23	2
2172	23	2
2173	23	2
2174	23	2
2175	23	2
2176	23	2
2177	23	2
2178	23	2
2179	23	2
2180	23	2
2181	23	2
2182	23	2
2183	23	2
2184	23	2
2185	23	2
2186	23	2
2187	23	2
2188	23	2
2189	23	2
2190	23	2
2191	23	2
2192	23	2
2193	23	2
2194	23	2
2195	23	2
2196	23	2
2197	23	2
2198	23	2
2199	23	2
2200	23	2
2201	23	2
2202	23	2
2203	23	2
2204	23	2
2205	23	2
2206	23	2
2207	23	2
2208	23	2
2209	23	2
2210	23	2
2211	23	2
2212	23	2
2213	23	2
2214	23	2
2215	23	2
2216	23	2
2217	23	2
2218	23	2
2219	23	2
2220	23	2
2221	23	2
2222	23	2
2223	23	2
2224	23	2
2225	23	2
2226	23	2
2227	23	2
2228	23	2
2229	23	2
2230	23	2
2231	23	2
2232	23	2
2233	23	2
2234	23	2
2235	23	2
2236	23	2
2237	23	2
2238	23	2
2239	23	2
2240	23	2
2241	23	2
2242	23	2
2243	23	2
2244	23	2
2245	23	2
2246	23	2
2247	23	2
2248	23	2
2249	23	2
2250	23	2
2251	23	2
2252	23	2
2253	23	2
2254	23	2
2255	23	2
2256	23	2
2257	23	2
2258	23	2
2259	23	2
2260	23	2
2261	23	2
2262	23	2
2263	23	2
2264	23	2
2265	23	2
2266	23	2
2267	23	2
2268	23	2
2269	23	2
2270	23	2
2271	23	2
2272	23	2
2273	23	2
2274	23	2
2275	23	2
2276	23	2
2277	23	2
2278	23	2
2279	23	2
2280	23	2
2281	23	2
2282	23	2
2283	23	2
2284	23	2
2285	23	2
2286	23	2
2287	23	2
2288	23	2
2289	23	2
2290	23	2
2291	23	2
2292	23	2
2293	23	2
2294	23	2
2295	23	2
2296	23	2
2297	23	2
2298	23	2
2299	23	2
2300	23	2
2301	23	2
2302	23	2
2303	23	2
2304	23	2
2305	23	2
2306	23	2
2307	23	2
2308	23	2
2309	23	2
2310	23	2
2311	23	2
2312	23	2
2313	23	2
2314	23	2
2315	23	2
2316	23	2
2317	23	2
2318	23	2
2319	23	2
2320	23	2
2321	23	2
2322	23	2
2323	23	2
2324	23	2
2325	23	2
2326	23	2
2327	23	2
2328	23	2
2329	23	2
2330	23	2
2331	23	2
2332	23	2
2333	23	2
2334	23	2
2335	23	2
2336	23	2
2337	23	2
2338	23	2
2339	23	2
2340	23	2
2341	23	2
2342	23	2
2343	23	2
2344	23	2
2345	23	2
2346	23	2
2347	23	2
2348	23	2
2349	23	2
2350	23	2
2351	23	2
2352	23	2
2353	23	2
2354	23	2
2355	23	2
2356	23	2
2357	23	2
2358	23	2
2359	23	2
2360	23	2
2361	23	2
2362	13	0
2363	13	0
2364	13	0
2365	13	0
2366	13	0
2367	13	0
2368	13	0
2369	13	0
2370	13	0
2371	13	0
2372	34	0
2373	34	0
2374	34	0
2375	34	0
2376	34	0
2377	34	0
2378	34	0
2379	34	0
2380	34	0
2381	34	0
2382	13	0
2383	13	0
2384	13	0
2385	13	0
2386	13	0
2387	13	0
2388	13	0
2389	13	0
2390	13	0
2391	13	0
2392	13	0
2393	13	0
2394	13	0
2395	13	0
2396	13	0
2397	13	0
2398	13	0
2399	13	0
2400	13	0
2401	13	0
2402	23	2
2403	23	2
2404	23	2
2405	23	2
2406	23	2
2407	23	2
2408	23	2
2409	23	2
2410	23	2
2411	23	2
2412	23	2
2413	23	2
2414	23	2
2415	23	2
2416	23	2
2417	23	2
2418	23	2
2419	23	2
2420	23	2
2421	23	2
2422	23	2
2423	23	2
2424	23	2
2425	23	2
2426	23	2
2427	23	2
2428	23	2
2429	23	2
2430	23	2
2431	23	2
2432	23	2
2433	23	2
2434	23	2
2435	23	2
2436	23	2
2437	23	2
2438	23	2
2439	23	2
2440	23	2
2441	23	2
2442	43	4
2443	43	4
2444	43	4
2445	43	4
2446	43	4
2447	43	4
2448	43	4
2449	43	4
2450	43	4
2451	43	4
2452	47	2
2453	47	2
2454	47	2
2455	47	2
2456	47	2
2457	47	2
2458	47	2
2459	47	2
2460	47	2
2461	47	2
2462	23	2
2463	23	2
2464	23	2
2465	23	2
2466	23	2
2467	23	2
2468	23	2
2469	23	2
2470	23	2
2471	23	2
2472	23	2
2473	23	2
2474	23	2
2475	23	2
2476	23	2
2477	23	2
2478	23	2
2479	23	2
2480	23	2
2481	23	2
2482	43	4
2483	43	4
2484	43	4
2485	43	4
2486	43	4
2487	43	4
2488	43	4
2489	43	4
2490	43	4
2491	43	4
2492	47	2
2493	47	2
2494	47	2
2495	47	2
2496	47	2
2497	47	2
2498	47	2
2499	47	2
2500	47	2
2501	47	2
2502	23	2
2503	23	2
2504	23	2
2505	23	2
2506	23	2
2507	23	2
2508	23	2
2509	23	2
2510	23	2
2511	23	2
2512	23	2
2513	23	2
2514	23	2
2515	23	2
2516	23	2
2517	23	2
2518	23	2
2519	23	2
2520	23	2
2521	23	2
2522	43	4
2523	43	4
2524	43	4
2525	43	4
2526	43	4
2527	43	4
2528	43	4
2529	43	4
2530	43	4
2531	43	4
2532	47	2
2533	47	2
2534	47	2
2535	47	2
2536	47	2
2537	47	2
2538	47	2
2539	47	2
2540	47	2
2541	47	2
2542	23	2
2543	23	2
2544	23	2
2545	23	2
2546	23	2
2547	23	2
2548	23	2
2549	23	2
2550	23	2
2551	23	2
2552	23	2
2553	23	2
2554	23	2
2555	23	2
2556	23	2
2557	23	2
2558	23	2
2559	23	2
2560	23	2
2561	23	2
2562	43	4
2563	43	4
2564	43	4
2565	43	4
2566	43	4
2567	43	4
2568	43	4
2569	43	4
2570	43	4
2571	43	4
2572	43	4
2573	43	4
2574	43	4
2575	43	4
2576	43	4
2577	43	4
2578	43	4
2579	43	4
2580	43	4
2581	43	4
2582	47	2
2583	47	2
2584	47	2
2585	47	2
2586	47	2
2587	47	2
2588	47	2
2589	47	2
2590	47	2
2591	47	2
2592	23	2
2593	23	2
2594	23	2
2595	23	2
2596	23	2
2597	23	2
2598	23	2
2599	23	2
2600	23	2
2601	23	2
2602	23	2
2603	23	2
2604	23	2
2605	23	2
2606	23	2
2607	23	2
2608	23	2
2609	23	2
2610	23	2
2611	23	2
2612	51	0
2613	51	0
2614	51	0
2615	51	0
2616	51	0
2617	51	0
2618	51	0
2619	51	0
2620	51	0
2621	51	0
2622	51	0
2623	51	0
2624	51	0
2625	51	0
2626	51	0
2627	51	0
2628	51	0
2629	51	0
2630	51	0
2631	51	0
2632	28	0
2633	28	0
2634	28	0
2635	28	0
2636	28	0
2637	28	0
2638	28	0
2639	28	0
2640	28	0
2641	28	0
2642	13	0
2643	13	0
2644	13	0
2645	13	0
2646	13	0
2647	13	0
2648	13	0
2649	13	0
2650	13	0
2651	13	0
2652	43	4
2653	43	4
2654	43	4
2655	43	4
2656	43	4
2657	43	4
2658	43	4
2659	43	4
2660	43	4
2661	43	4
2662	47	2
2663	47	2
2664	47	2
2665	47	2
2666	47	2
2667	47	2
2668	47	2
2669	47	2
2670	47	2
2671	47	2
2672	23	2
2673	23	2
2674	23	2
2675	23	2
2676	23	2
2677	23	2
2678	23	2
2679	23	2
2680	23	2
2681	23	2
2682	23	2
2683	23	2
2684	23	2
2685	23	2
2686	23	2
2687	23	2
2688	23	2
2689	23	2
2690	23	2
2691	23	2
2692	23	2
2693	23	2
2694	23	2
2695	23	2
2696	23	2
2697	23	2
2698	23	2
2699	23	2
2700	23	2
2701	23	2
2702	47	0
2703	47	0
2704	47	0
2705	47	0
2706	47	0
2707	47	0
2708	47	0
2709	47	0
2710	47	0
2711	47	0
2712	43	0
2713	43	0
2714	43	0
2715	43	0
2716	43	0
2717	43	0
2718	43	0
2719	43	0
2720	43	0
2721	43	0
2722	23	0
2723	23	0
2724	23	0
2725	23	0
2726	23	0
2727	23	0
2728	23	0
2729	23	0
2730	23	0
2731	23	0
2732	23	0
2733	23	0
2734	23	0
2735	23	0
2736	23	0
2737	23	0
2738	23	0
2739	23	0
2740	23	0
2741	23	0
2742	14	0
2743	14	0
2744	14	0
2745	14	0
2746	14	0
2747	14	0
2748	14	0
2749	14	0
2750	14	0
2751	14	0
2752	34	0
2753	34	0
2754	34	0
2755	34	0
2756	34	0
2757	34	0
2758	34	0
2759	34	0
2760	34	0
2761	34	0
2762	14	0
2763	14	0
2764	14	0
2765	14	0
2766	14	0
2767	14	0
2768	14	0
2769	14	0
2770	14	0
2771	14	0
2772	14	0
2773	14	0
2774	14	0
2775	14	0
2776	14	0
2777	14	0
2778	14	0
2779	14	0
2780	14	0
2781	14	0
2782	14	0
2783	14	0
2784	14	0
2785	14	0
2786	14	0
2787	14	0
2788	14	0
2789	14	0
2790	14	0
2791	14	0
2792	34	0
2793	34	0
2794	34	0
2795	34	0
2796	34	0
2797	34	0
2798	34	0
2799	34	0
2800	34	0
2801	34	0
2802	14	0
2803	14	0
2804	14	0
2805	14	0
2806	14	0
2807	14	0
2808	14	0
2809	14	0
2810	14	0
2811	14	0
2812	14	0
2813	14	0
2814	14	0
2815	14	0
2816	14	0
2817	14	0
2818	14	0
2819	14	0
2820	14	0
2821	14	0
2822	14	0
2823	14	0
2824	14	0
2825	14	0
2826	14	0
2827	14	0
2828	14	0
2829	14	0
2830	14	0
2831	14	0
2832	34	0
2833	34	0
2834	34	0
2835	34	0
2836	34	0
2837	34	0
2838	34	0
2839	34	0
2840	34	0
2841	34	0
2842	14	0
2843	14	0
2844	14	0
2845	14	0
2846	14	0
2847	14	0
2848	14	0
2849	14	0
2850	14	0
2851	14	0
2852	14	0
2853	14	0
2854	14	0
2855	14	0
2856	14	0
2857	14	0
2858	14	0
2859	14	0
2860	14	0
2861	14	0
2862	14	0
2863	14	0
2864	14	0
2865	14	0
2866	14	0
2867	14	0
2868	14	0
2869	14	0
2870	14	0
2871	14	0
2872	34	0
2873	34	0
2874	34	0
2875	34	0
2876	34	0
2877	34	0
2878	34	0
2879	34	0
2880	34	0
2881	34	0
2882	14	0
2883	14	0
2884	14	0
2885	14	0
2886	14	0
2887	14	0
2888	14	0
2889	14	0
2890	14	0
2891	14	0
2892	14	0
2893	14	0
2894	14	0
2895	14	0
2896	14	0
2897	14	0
2898	14	0
2899	14	0
2900	14	0
2901	14	0
2902	14	0
2903	14	0
2904	14	0
2905	14	0
2906	14	0
2907	14	0
2908	14	0
2909	14	0
2910	14	0
2911	14	0
2912	14	0
2913	14	0
2914	14	0
2915	14	0
2916	14	0
2917	14	0
2918	14	0
2919	14	0
2920	14	0
2921	14	0
2922	14	0
2923	14	0
2924	14	0
2925	14	0
2926	14	0
2927	14	0
2928	14	0
2929	14	0
2930	14	0
2931	14	0
2932	34	0
2933	34	0
2934	34	0
2935	34	0
2936	34	0
2937	34	0
2938	34	0
2939	34	0
2940	34	0
2941	34	0
2942	14	0
2943	14	0
2944	14	0
2945	14	0
2946	14	0
2947	14	0
2948	14	0
2949	14	0
2950	14	0
2951	14	0
2952	14	0
2953	14	0
2954	14	0
2955	14	0
2956	14	0
2957	14	0
2958	14	0
2959	14	0
2960	14	0
2961	14	0
2962	14	0
2963	14	0
2964	14	0
2965	14	0
2966	14	0
2967	14	0
2968	14	0
2969	14	0
2970	14	0
2971	14	0
2972	14	0
2973	14	0
2974	14	0
2975	14	0
2976	14	0
2977	14	0
2978	14	0
2979	14	0
2980	14	0
2981	14	0
2982	14	0
2983	14	0
2984	14	0
2985	14	0
2986	14	0
2987	14	0
2988	14	0
2989	14	0
2990	14	0
2991	14	0
2992	34	0
2993	34	0
2994	34	0
2995	34	0
2996	34	0
2997	34	0
2998	34	0
2999	34	0
3000	34	0
3001	34	0
3002	14	0
3003	14	0
3004	14	0
3005	14	0
3006	14	0
3007	14	0
3008	14	0
3009	14	0
3010	14	0
3011	14	0
3012	14	0
3013	14	0
3014	14	0
3015	14	0
3016	14	0
3017	14	0
3018	14	0
3019	14	0
3020	14	0
3021	14	0
3022	14	0
3023	14	0
3024	14	0
3025	14	0
3026	14	0
3027	14	0
3028	14	0
3029	14	0
3030	14	0
3031	14	0
3032	14	0
3033	14	0
3034	14	0
3035	14	0
3036	14	0
3037	14	0
3038	14	0
3039	14	0
3040	14	0
3041	14	0
3042	14	0
3043	14	0
3044	14	0
3045	14	0
3046	14	0
3047	14	0
3048	14	0
3049	14	0
3050	14	0
3051	14	0
3052	14	0
3053	14	0
3054	14	0
3055	14	0
3056	14	0
3057	14	0
3058	14	0
3059	14	0
3060	14	0
3061	14	0
3062	14	0
3063	14	0
3064	14	0
3065	14	0
3066	14	0
3067	14	0
3068	14	0
3069	14	0
3070	14	0
3071	14	0
3072	14	0
3073	14	0
3074	14	0
3075	14	0
3076	14	0
3077	14	0
3078	14	0
3079	14	0
3080	14	0
3081	14	0
3082	14	0
3083	14	0
3084	14	0
3085	14	0
3086	14	0
3087	14	0
3088	14	0
3089	14	0
3090	14	0
3091	14	0
3092	14	0
3093	14	0
3094	14	0
3095	14	0
3096	14	0
3097	14	0
3098	14	0
3099	14	0
3100	14	0
3101	14	0
3102	28	0
3103	28	0
3104	28	0
3105	28	0
3106	28	0
3107	28	0
3108	28	0
3109	28	0
3110	28	0
3111	28	0
3112	32	4
3113	12	4
3114	12	4
3115	12	4
3116	12	4
3117	12	4
3118	12	4
3119	12	4
3120	12	4
3121	12	4
3122	51	0
3123	51	0
3124	51	0
3125	51	0
3126	51	0
3127	51	0
3128	51	0
3129	51	0
3130	51	0
3131	51	0
3132	28	0
3133	28	0
3134	28	0
3135	28	0
3136	28	0
3137	28	0
3138	28	0
3139	28	0
3140	28	0
3141	28	0
3142	13	0
3143	13	0
3144	13	0
3145	13	0
3146	13	0
3147	13	0
3148	13	0
3149	13	0
3150	13	0
3151	13	0
3152	24	0
3153	24	0
3154	24	0
3155	24	0
3156	24	0
3157	24	0
3158	24	0
3159	24	0
3160	24	0
3161	24	0
3162	23	0
3163	23	0
3164	23	0
3165	23	0
3166	23	0
3167	23	0
3168	23	0
3169	23	0
3170	23	0
3171	23	0
3172	24	0
3173	24	0
3174	24	0
3175	24	0
3176	24	0
3177	24	0
3178	24	0
3179	24	0
3180	24	0
3181	24	0
3182	23	0
3183	23	0
3184	23	0
3185	23	0
3186	23	0
3187	23	0
3188	23	0
3189	23	0
3190	23	0
3191	23	0
3192	24	0
3193	24	0
3194	24	0
3195	24	0
3196	24	0
3197	24	0
3198	24	0
3199	24	0
3200	24	0
3201	24	0
3202	23	0
3203	23	0
3204	23	0
3205	23	0
3206	23	0
3207	23	0
3208	23	0
3209	23	0
3210	23	0
3211	23	0
3212	24	0
3213	24	0
3214	24	0
3215	24	0
3216	24	0
3217	24	0
3218	24	0
3219	24	0
3220	24	0
3221	24	0
3222	13	0
3223	13	0
3224	13	0
3225	13	0
3226	13	0
3227	13	0
3228	13	0
3229	13	0
3230	13	0
3231	13	0
3232	13	0
3233	13	0
3234	13	0
3235	13	0
3236	13	0
3237	13	0
3238	13	0
3239	13	0
3240	13	0
3241	13	0
3242	27	0
3243	27	0
3244	27	0
3245	27	0
3246	27	0
3247	27	0
3248	27	0
3249	27	0
3250	27	0
3251	27	0
3252	28	0
3253	28	0
3254	28	0
3255	28	0
3256	28	0
3257	28	0
3258	28	0
3259	28	0
3260	28	0
3261	28	0
3262	14	0
3263	14	0
3264	14	0
3265	14	0
3266	14	0
3267	14	0
3268	14	0
3269	14	0
3270	14	0
3271	14	0
3272	14	0
3273	14	0
3274	14	0
3275	14	0
3276	14	0
3277	14	0
3278	14	0
3279	14	0
3280	14	0
3281	14	0
3282	14	0
3283	14	0
3284	14	0
3285	14	0
3286	14	0
3287	14	0
3288	14	0
3289	14	0
3290	14	0
3291	14	0
3292	14	0
3293	14	0
3294	14	0
3295	14	0
3296	14	0
3297	14	0
3298	14	0
3299	14	0
3300	14	0
3301	14	0
3302	14	0
3303	14	0
3304	14	0
3305	14	0
3306	14	0
3307	14	0
3308	14	0
3309	14	0
3310	14	0
3311	14	0
3312	14	0
3313	14	0
3314	14	0
3315	14	0
3316	14	0
3317	14	0
3318	14	0
3319	14	0
3320	14	0
3321	14	0
3322	14	0
3323	14	0
3324	14	0
3325	14	0
3326	14	0
3327	14	0
3328	14	0
3329	14	0
3330	14	0
3331	14	0
3332	14	0
3333	14	0
3334	14	0
3335	14	0
3336	14	0
3337	14	0
3338	14	0
3339	14	0
3340	14	0
3341	23	0
3342	23	0
3343	23	0
3344	23	0
3345	23	0
3346	23	0
3347	23	0
3348	23	0
3349	23	0
3350	23	0
3351	24	0
3352	24	0
3353	24	0
3354	24	0
3355	24	0
3356	24	0
3357	24	0
3358	24	0
3359	24	0
3360	24	0
3391	14	0
3392	14	0
3393	14	0
3394	14	0
3395	14	0
3396	14	0
3397	14	0
3398	14	0
3399	14	0
3400	14	0
3401	14	0
3402	14	0
3403	14	0
3404	14	0
3405	14	0
3406	14	0
3407	14	0
3408	14	0
3409	14	0
3410	14	0
3411	13	0
3412	3	0
3413	3	0
3414	3	0
