2026-10-06 07:44:00
cfg	30	5	1	file
total	79750	47967	92000	30981	ok	0	0	done	78944	1
map	1014	742	1142	1142	1484	0	1	5
map	1016	439	676	676	878	0	1	5
map	1005	287	441	441	574	0	1	5
map	1006	676	1040	1040	1352	0	1	5
map	1007	459	706	706	918	0	1	5
map	1008	395	608	608	790	0	1	5
map	1009	384	591	591	768	0	1	5
map	1010	570	877	877	1140	0	1	5
map	1011	488	751	751	976	0	1	5
map	1012	635	977	977	1270	0	1	5
map	1013	474	729	729	948	0	1	5
map	1015	615	947	947	1230	0	1	5
map	1017	571	879	879	1142	0	1	5
map	1018	621	956	956	1242	0	1	5
map	1019	694	1068	1068	1388	0	1	5
map	1065	727	1119	1119	1454	0	1	5
map	1022	699	1076	1076	1398	0	1	5
map	1023	683	1051	1051	1366	0	1	5
map	1024	681	1048	1048	1362	0	1	5
map	1025	619	953	953	1238	0	1	5
map	1026	665	1024	1024	1330	0	1	5
map	1027	725	1116	1116	1450	0	1	5
map	1028	695	1070	1070	1390	0	1	5
map	1029	695	1070	1070	1390	0	1	5
map	1030	702	1080	1080	1404	0	1	5
map	1031	727	1119	1119	1454	0	1	5
map	1032	555	854	854	1110	0	1	5
map	1033	534	822	822	1068	0	1	5
map	1034	445	685	685	890	0	1	5
map	1035	665	1024	1024	1330	0	1	5
map	1036	438	674	674	876	0	1	5
map	1037	705	1085	1085	1410	0	1	5
map	1038	696	1071	1071	1392	0	1	5
map	1039	692	1065	1065	1384	0	1	5
map	1040	701	1079	1079	1402	0	1	5
map	1041	683	1051	1051	1366	0	1	5
map	1042	205	315	315	410	0	1	5
map	1043	637	1274	1274	1274	1	1	5
map	1044	248	381	381	496	0	1	5
map	1045	590	908	908	1180	0	1	5
map	1046	237	364	364	474	0	1	5
map	1047	262	403	403	524	0	1	5
map	1048	339	522	522	678	0	1	5
map	1049	309	475	475	618	0	1	5
map	1050	292	449	449	584	0	1	5
map	1051	288	443	443	576	0	1	5
map	1053	667	1027	1027	1334	0	1	5
map	1054	180	277	277	360	0	1	5
map	1055	176	271	271	352	0	1	5
map	1056	176	271	271	352	0	1	5
map	1072	146	224	224	292	0	1	5
map	1077	684	1053	1053	1368	0	1	5
map	1078	703	1082	1082	1406	0	1	5
map	1073	722	1111	1111	1444	0	1	5
map	1074	705	1085	1085	1410	0	1	5
map	1075	687	1057	1057	1374	0	1	5
map	1076	688	1054	1059	1376	0	1	5
map	1057	258	397	397	516	0	1	5
