Genre	Detail	Particular	Series	Level		EquipLevel	
0	4	38	-1	-1	-1	-1	金山(限量版)
0	4	50	-1	-1	-1	-1	青云剑
0	4	51	-1	-1	-1	-1	玉如意
0	4	52	-1	-1	-1	-1	火琵琶
0	4	53	-1	-1	-1	-1	安命符
0	4	66	-1	-1	-1	-1	七尘斋法宝（限量版）
0	4	67	-1	-1	-1	-1	七尘斋法宝（限量版）
0	4	75	-1	-1	-1	-1	神祈七尘斋法宝（绑定限量版）
0	4	76	-1	-1	-1	-1	魔佑七尘斋法宝（绑定限量版）
0	4	77	-1	-1	-1	-1	三生石（限量版）
0	10	24	10	-1	-1	-1	逆天腾雾赤焰麒麟
0	10	25	10	-1	-1	-1	逆天腾雾应龙
0	10	26	10	-1	-1	-1	逆天腾雾风雷双翼
0	10	27	-1	-1	-1	-1	白金逆天腾雾赤焰麒麟
0	10	28	-1	-1	-1	-1	白金逆天腾雾应龙
0	10	29	-1	-1	-1	-1	白金逆天腾雾风雷双翼
0	10	48	-1	-1	-1	-1	#至尊神雷角犀
0	10	49	-1	-1	-1	-1	#至尊四翼明尊
0	10	50	-1	-1	-1	-1	#至尊裂空曜翼
0	10	51	-1	-1	-1	-1	#至尊噬天龙犼
0	10	52	-1	-1	-1	-1	#至尊碧羽明尊
0	10	53	-1	-1	-1	-1	#至尊冰渊冥翼
0	10	54	-1	-1	-1	-1	#逆天神雷角犀
0	10	55	-1	-1	-1	-1	#逆天四翼明尊
0	10	56	-1	-1	-1	-1	#逆天裂空曜翼
0	10	57	-1	-1	-1	-1	#逆天噬天龙犼
0	10	58	-1	-1	-1	-1	#逆天碧羽明尊
0	10	59	-1	-1	-1	-1	#逆天冰渊冥翼
3	257	-1	-1	-1	-1	-1	赤炎玉晶(未开光)
3	258	-1	-1	-1	-1	-1	赤炎玉心(未开光)
3	259	-1	-1	-1	-1	-1	赤炎玉魂(未开光)
3	264	-1	-1	-1	-1	-1	青冥玉晶(未开光)
3	265	-1	-1	-1	-1	-1	青冥玉心(未开光)
3	266	-1	-1	-1	-1	-1	青冥玉魂(未开光)
3	271	-1	-1	-1	-1	-1	紫霞玉晶(未开光)
3	272	-1	-1	-1	-1	-1	紫霞玉心(未开光)
3	273	-1	-1	-1	-1	-1	紫霞玉魂(未开光)
3	285	-1	-1	-1	-1	-1	赤炎玉晶
3	286	-1	-1	-1	-1	-1	赤炎玉心
3	287	-1	-1	-1	-1	-1	赤炎玉魂
3	292	-1	-1	-1	-1	-1	青冥玉晶
3	293	-1	-1	-1	-1	-1	青冥玉心
3	294	-1	-1	-1	-1	-1	青冥玉魂
3	299	-1	-1	-1	-1	-1	紫霞玉晶
3	300	-1	-1	-1	-1	-1	紫霞玉心
3	301	-1	-1	-1	-1	-1	紫霞玉魂
3	374	-1	-1	-1	-1	-1	微光卦符（未开光）
3	375	-1	-1	-1	-1	-1	微光卦符<天>
3	376	-1	-1	-1	-1	-1	微光卦符<地>
3	377	-1	-1	-1	-1	-1	微光卦符<水>
3	378	-1	-1	-1	-1	-1	微光卦符<火>
3	379	-1	-1	-1	-1	-1	微光卦符<山>
3	380	-1	-1	-1	-1	-1	微光卦符<泽>
3	381	-1	-1	-1	-1	-1	微光卦符<风>
3	382	-1	-1	-1	-1	-1	微光卦符<雷>
3	383	-1	-1	-1	-1	-1	星彩卦符（未开光）
3	384	-1	-1	-1	-1	-1	星彩卦符<天>
3	385	-1	-1	-1	-1	-1	星彩卦符<地>
3	386	-1	-1	-1	-1	-1	星彩卦符<水>
3	387	-1	-1	-1	-1	-1	星彩卦符<火>
3	388	-1	-1	-1	-1	-1	星彩卦符<山>
3	389	-1	-1	-1	-1	-1	星彩卦符<泽>
3	390	-1	-1	-1	-1	-1	星彩卦符<风>
3	391	-1	-1	-1	-1	-1	星彩卦符<雷>
3	392	-1	-1	-1	-1	-1	月华卦符（未开光）
3	393	-1	-1	-1	-1	-1	月华卦符<天>
3	394	-1	-1	-1	-1	-1	月华卦符<地>
3	395	-1	-1	-1	-1	-1	月华卦符<水>
3	396	-1	-1	-1	-1	-1	月华卦符<火>
3	397	-1	-1	-1	-1	-1	月华卦符<山>
3	398	-1	-1	-1	-1	-1	月华卦符<泽>
3	399	-1	-1	-1	-1	-1	月华卦符<风>
3	400	-1	-1	-1	-1	-1	月华卦符<雷>
3	401	-1	-1	-1	-1	-1	金乌卦符（未开光）
3	402	-1	-1	-1	-1	-1	金乌卦符<天>
3	403	-1	-1	-1	-1	-1	金乌卦符<地>
3	404	-1	-1	-1	-1	-1	金乌卦符<水>
3	405	-1	-1	-1	-1	-1	金乌卦符<火>
3	406	-1	-1	-1	-1	-1	金乌卦符<山>
3	407	-1	-1	-1	-1	-1	金乌卦符<泽>
3	408	-1	-1	-1	-1	-1	金乌卦符<风>
3	409	-1	-1	-1	-1	-1	金乌卦符<雷>
3	577	-1	-1	-1	-1	-1	魂咒：断空斩5级
3	578	-1	-1	-1	-1	-1	魂咒：断空斩6级
3	579	-1	-1	-1	-1	-1	魂咒：断空斩7级
3	584	-1	-1	-1	-1	-1	魂咒：聚华化伤5级
3	585	-1	-1	-1	-1	-1	魂咒：聚华化伤6级
3	586	-1	-1	-1	-1	-1	魂咒：聚华化伤7级
3	591	-1	-1	-1	-1	-1	魂咒：狂心斩5级
3	592	-1	-1	-1	-1	-1	魂咒：狂心斩6级
3	593	-1	-1	-1	-1	-1	魂咒：狂心斩7级
3	598	-1	-1	-1	-1	-1	魂咒：天寒斩5级
3	599	-1	-1	-1	-1	-1	魂咒：天寒斩6级
3	600	-1	-1	-1	-1	-1	魂咒：天寒斩7级
3	605	-1	-1	-1	-1	-1	魂咒：天神怒吼5级
3	606	-1	-1	-1	-1	-1	魂咒：天神怒吼6级
3	607	-1	-1	-1	-1	-1	魂咒：天神怒吼7级
3	612	-1	-1	-1	-1	-1	魂咒：碧月斩5级
3	613	-1	-1	-1	-1	-1	魂咒：碧月斩6级
3	614	-1	-1	-1	-1	-1	魂咒：碧月斩7级
3	619	-1	-1	-1	-1	-1	魂咒：噬影雷光5级
3	620	-1	-1	-1	-1	-1	魂咒：噬影雷光6级
3	621	-1	-1	-1	-1	-1	魂咒：噬影雷光7级
3	626	-1	-1	-1	-1	-1	魂咒：风雷护体5级
3	627	-1	-1	-1	-1	-1	魂咒：风雷护体6级
3	628	-1	-1	-1	-1	-1	魂咒：风雷护体7级
3	633	-1	-1	-1	-1	-1	魂咒：炼狱闪电5级
3	634	-1	-1	-1	-1	-1	魂咒：炼狱闪电6级
3	635	-1	-1	-1	-1	-1	魂咒：炼狱闪电7级
3	640	-1	-1	-1	-1	-1	魂咒：飞沙走石5级
3	641	-1	-1	-1	-1	-1	魂咒：飞沙走石6级
3	642	-1	-1	-1	-1	-1	魂咒：飞沙走石7级
3	647	-1	-1	-1	-1	-1	魂咒：安魂净土5级
3	648	-1	-1	-1	-1	-1	魂咒：安魂净土6级
3	649	-1	-1	-1	-1	-1	魂咒：安魂净土7级
3	654	-1	-1	-1	-1	-1	魂咒：地火焚天5级
3	655	-1	-1	-1	-1	-1	魂咒：地火焚天6级
3	656	-1	-1	-1	-1	-1	魂咒：地火焚天7级
3	661	-1	-1	-1	-1	-1	魂咒：雪舞冰封5级
3	662	-1	-1	-1	-1	-1	魂咒：雪舞冰封6级
3	663	-1	-1	-1	-1	-1	魂咒：雪舞冰封7级
3	668	-1	-1	-1	-1	-1	魂咒：冰晶重生5级
3	669	-1	-1	-1	-1	-1	魂咒：冰晶重生6级
3	670	-1	-1	-1	-1	-1	魂咒：冰晶重生7级
3	675	-1	-1	-1	-1	-1	魂咒：千里追魂5级
3	676	-1	-1	-1	-1	-1	魂咒：千里追魂6级
3	677	-1	-1	-1	-1	-1	魂咒：千里追魂7级
3	682	-1	-1	-1	-1	-1	魂咒：寂灭真火5级
3	683	-1	-1	-1	-1	-1	魂咒：寂灭真火6级
3	684	-1	-1	-1	-1	-1	魂咒：寂灭真火7级
3	689	-1	-1	-1	-1	-1	魂咒：焚火图腾5级
3	690	-1	-1	-1	-1	-1	魂咒：焚火图腾6级
3	691	-1	-1	-1	-1	-1	魂咒：焚火图腾7级
3	696	-1	-1	-1	-1	-1	魂咒：火星坠落5级
3	697	-1	-1	-1	-1	-1	魂咒：火星坠落6级
3	698	-1	-1	-1	-1	-1	魂咒：火星坠落7级
3	703	-1	-1	-1	-1	-1	魂咒：狂涛祭5级
3	704	-1	-1	-1	-1	-1	魂咒：狂涛祭6级
3	705	-1	-1	-1	-1	-1	魂咒：狂涛祭7级
3	710	-1	-1	-1	-1	-1	魂咒：福泽天佑5级
3	711	-1	-1	-1	-1	-1	魂咒：福泽天佑6级
3	712	-1	-1	-1	-1	-1	魂咒：福泽天佑7级
3	717	-1	-1	-1	-1	-1	魂咒：骤雨暴风5级
3	718	-1	-1	-1	-1	-1	魂咒：骤雨暴风6级
3	719	-1	-1	-1	-1	-1	魂咒：骤雨暴风7级
3	724	-1	-1	-1	-1	-1	魂咒：绝心咒5级
3	725	-1	-1	-1	-1	-1	魂咒：绝心咒6级
3	726	-1	-1	-1	-1	-1	魂咒：绝心咒7级
3	731	-1	-1	-1	-1	-1	魂咒：惑心咒5级
3	732	-1	-1	-1	-1	-1	魂咒：惑心咒6级
3	733	-1	-1	-1	-1	-1	魂咒：惑心咒7级
3	738	-1	-1	-1	-1	-1	魂咒：破军咒5级
3	739	-1	-1	-1	-1	-1	魂咒：破军咒6级
3	740	-1	-1	-1	-1	-1	魂咒：破军咒7级
3	1152	-1	-1	-1	-1	-1	紫碧玺
6	1	925	-1	-1	-1	-1	图谱：<圣>破军·震旦盔
6	1	926	-1	-1	-1	-1	图谱：<圣>破军·鸿钧冠
6	1	927	-1	-1	-1	-1	图谱：<圣>破军·亢龙胄
6	1	928	-1	-1	-1	-1	图谱：<圣>破军·震旦腰带
6	1	929	-1	-1	-1	-1	图谱：<圣>破军·鸿钧巾子
6	1	930	-1	-1	-1	-1	图谱：<圣>破军·亢龙腰带
6	1	931	-1	-1	-1	-1	图谱：<圣>破军·震旦战靴
6	1	932	-1	-1	-1	-1	图谱：<圣>破军·鸿钧履
6	1	933	-1	-1	-1	-1	图谱：<圣>破军·亢龙靴
6	1	934	-1	-1	-1	-1	图谱：<圣>破军·震旦披风
6	1	935	-1	-1	-1	-1	图谱：<圣>破军·鸿钧令
6	1	936	-1	-1	-1	-1	图谱：<圣>破军·亢龙结
6	1	937	-1	-1	-1	-1	图谱：<圣>破军·黄金震旦甲
6	1	938	-1	-1	-1	-1	图谱：<圣>破军·鸿钧道袍
6	1	939	-1	-1	-1	-1	图谱：<圣>破军·亢龙护甲
0	12	0	11	-1	-1	-1	#龙魂玉佩
3	1181	-1	-1	-1	-1	-1	#伯乐精金
8	372	2	-1	-1	-1	-1	#高级武器精华
8	373	2	-1	-1	-1	-1	#高级装备精华
8	283	2	-1	-1	-1	-1	#高级武器精元
8	284	2	-1	-1	-1	-1	#高级装备精元
8	1426	2	-1	-1	-1	-1	#伯乐礼盒
0	2	0	9	1401	-1	-1	#破军·玄铁斩龙甲
0	2	0	10	1407	-1	-1	#破军·黄金震旦甲
0	2	42	2	1410	-1	-1	#<战>破军·黄金震旦甲
0	2	1	9	1402	-1	-1	#破军·元始道袍
0	2	1	10	1408	-1	-1	#破军·鸿钧道袍
0	2	43	2	1411	-1	-1	#<战>破军·鸿钧道袍
0	2	2	9	1403	-1	-1	#破军·神鹰护甲
0	2	2	10	1409	-1	-1	#破军·亢龙护甲
0	2	44	2	1412	-1	-1	#<战>破军·亢龙护甲
0	2	45	2	1413	-1	-1	#<烈>破军·黄金震旦甲
0	2	46	2	1414	-1	-1	#<烈>破军·鸿钧道袍
0	2	47	2	1415	-1	-1	#<烈>破军·亢龙护甲
0	2	48	2	1416	-1	-1	#<圣>破军·黄金震旦甲
0	2	49	2	1417	-1	-1	#<圣>破军·鸿钧道袍
0	2	50	2	1418	-1	-1	#<圣>破军·亢龙护甲
0	5	0	9	1201	-1	-1	#破军·斩龙战靴
0	5	0	10	1207	-1	-1	#破军·震旦战靴
0	5	42	2	1210	-1	-1	#<战>破军·震旦战靴
0	5	1	9	1202	-1	-1	#破军·元始履
0	5	1	10	1208	-1	-1	#破军·鸿钧履
0	5	43	2	1211	-1	-1	#<战>破军·鸿钧履
0	5	2	9	1203	-1	-1	#破军·神鹰靴
0	5	2	10	1209	-1	-1	#破军·亢龙靴
0	5	44	2	1212	-1	-1	#<战>破军·亢龙靴
0	5	45	2	1213	-1	-1	#<烈>破军·震旦战靴
0	5	46	2	1214	-1	-1	#<烈>破军·鸿钧履
0	5	47	2	1215	-1	-1	#<烈>破军·亢龙靴
0	5	48	2	1216	-1	-1	#<圣>破军·震旦战靴
0	5	49	2	1217	-1	-1	#<圣>破军·鸿钧履
0	5	50	2	1218	-1	-1	#<圣>破军·亢龙靴
0	6	0	9	1101	-1	-1	#破军·斩龙腰带
0	6	0	10	1107	-1	-1	#破军·震旦腰带
0	6	42	2	1110	-1	-1	#<战>破军·震旦腰带
0	6	1	9	1102	-1	-1	#破军·元始巾子
0	6	1	10	1108	-1	-1	#破军·鸿钧巾子
0	6	43	2	1111	-1	-1	#<战>破军·鸿钧巾子
0	6	2	9	1103	-1	-1	#破军·神鹰腰带
0	6	2	10	1109	-1	-1	#破军·亢龙腰带
0	6	44	2	1112	-1	-1	#<战>破军·亢龙腰带
0	6	45	2	1113	-1	-1	#<烈>破军·震旦腰带
0	6	46	2	1114	-1	-1	#<烈>破军·鸿钧巾子
0	6	47	2	1115	-1	-1	#<烈>破军·亢龙腰带
0	6	48	2	1116	-1	-1	#<圣>破军·震旦腰带
0	6	49	2	1117	-1	-1	#<圣>破军·鸿钧巾子
0	6	50	2	1118	-1	-1	#<圣>破军·亢龙腰带
0	7	0	9	1101	-1	-1	#破军·斩龙盔
0	7	0	10	1107	-1	-1	#破军·震旦盔
0	7	42	2	1110	-1	-1	#<战>破军·震旦盔
0	7	1	9	1102	-1	-1	#破军·元始冠
0	7	1	10	1108	-1	-1	#破军·鸿钧冠
0	7	43	2	1111	-1	-1	#<战>破军·鸿钧冠
0	7	2	9	1103	-1	-1	#破军·神鹰胄
0	7	2	10	1109	-1	-1	#破军·亢龙胄
0	7	44	2	1112	-1	-1	#<战>破军·亢龙胄
0	7	45	2	1113	-1	-1	#<烈>破军·震旦盔
0	7	46	2	1114	-1	-1	#<烈>破军·鸿钧冠
0	7	47	2	1115	-1	-1	#<烈>破军·亢龙胄
0	7	48	2	1116	-1	-1	#<圣>破军·震旦盔
0	7	49	2	1117	-1	-1	#<圣>破军·鸿钧冠
0	7	50	2	1118	-1	-1	#<圣>破军·亢龙胄
0	9	0	9	1301	-1	-1	#破军·斩龙盔
0	9	0	10	1307	-1	-1	#破军·震旦盔
0	9	42	2	1310	-1	-1	#<战>破军·震旦盔
0	9	1	9	1302	-1	-1	#破军·元始冠
0	9	1	10	1308	-1	-1	#破军·鸿钧冠
0	9	43	2	1311	-1	-1	#<战>破军·鸿钧冠
0	9	2	9	1303	-1	-1	#破军·神鹰胄
0	9	2	10	1309	-1	-1	#破军·亢龙胄
0	9	44	2	1312	-1	-1	#<战>破军·亢龙胄
0	9	45	2	1313	-1	-1	#<烈>破军·震旦盔
0	9	46	2	1314	-1	-1	#<烈>破军·鸿钧冠
0	9	47	2	1315	-1	-1	#<烈>破军·亢龙胄
0	9	48	2	1316	-1	-1	#<圣>破军·震旦盔
0	9	49	2	1317	-1	-1	#<圣>破军·鸿钧冠
0	9	50	2	1318	-1	-1	#<圣>破军·亢龙胄
0	2	15	-1	-1	-1	-1	#神伏玄穹甲
0	2	16	-1	-1	-1	-1	#明光道袍
0	2	17	-1	-1	-1	-1	#天禄护甲
0	2	21	-1	-1	-1	-1	#天罡圣曜甲
0	2	22	-1	-1	-1	-1	#虚仪道袍
0	2	23	-1	-1	-1	-1	#鸾舞护甲
0	2	27	-1	-1	-1	-1	#神伏玄穹甲(任务装备)
0	2	28	-1	-1	-1	-1	#明光道袍(任务装备)
0	2	29	-1	-1	-1	-1	#天禄护甲(任务装备)
0	5	15	-1	-1	-1	-1	#神伏玄穹甲
0	5	16	-1	-1	-1	-1	#明光道袍
0	5	17	-1	-1	-1	-1	#天禄护甲
0	5	21	-1	-1	-1	-1	#天罡圣曜甲
0	5	22	-1	-1	-1	-1	#虚仪道袍
0	5	23	-1	-1	-1	-1	#鸾舞护甲
0	5	27	-1	-1	-1	-1	#神伏玄穹甲(任务装备)
0	5	28	-1	-1	-1	-1	#明光道袍(任务装备)
0	5	29	-1	-1	-1	-1	#天禄护甲(任务装备)
0	6	15	-1	-1	-1	-1	#神伏玄穹甲
0	6	16	-1	-1	-1	-1	#明光道袍
0	6	17	-1	-1	-1	-1	#天禄护甲
0	6	21	-1	-1	-1	-1	#天罡圣曜甲
0	6	22	-1	-1	-1	-1	#虚仪道袍
0	6	23	-1	-1	-1	-1	#鸾舞护甲
0	6	27	-1	-1	-1	-1	#神伏玄穹甲(任务装备)
0	6	28	-1	-1	-1	-1	#明光道袍(任务装备)
0	6	29	-1	-1	-1	-1	#天禄护甲(任务装备)
0	7	15	-1	-1	-1	-1	#神伏玄穹甲
0	7	16	-1	-1	-1	-1	#明光道袍
0	7	17	-1	-1	-1	-1	#天禄护甲
0	7	21	-1	-1	-1	-1	#天罡圣曜甲
0	7	22	-1	-1	-1	-1	#虚仪道袍
0	7	23	-1	-1	-1	-1	#鸾舞护甲
0	7	27	-1	-1	-1	-1	#神伏玄穹甲(任务装备)
0	7	28	-1	-1	-1	-1	#明光道袍(任务装备)
0	7	29	-1	-1	-1	-1	#天禄护甲(任务装备)
0	9	15	-1	-1	-1	-1	#神伏玄穹甲
0	9	16	-1	-1	-1	-1	#明光道袍
0	9	17	-1	-1	-1	-1	#天禄护甲
0	9	21	-1	-1	-1	-1	#天罡圣曜甲
0	9	22	-1	-1	-1	-1	#虚仪道袍
0	9	23	-1	-1	-1	-1	#鸾舞护甲
0	9	27	-1	-1	-1	-1	#神伏玄穹甲(任务装备)
0	9	28	-1	-1	-1	-1	#明光道袍(任务装备)
0	9	29	-1	-1	-1	-1	#天禄护甲(任务装备)
0	0	4	9	-1	-1	-1	#逐日大剑
0	0	5	9	-1	-1	-1	#开天斧
0	0	6	9	-1	-1	-1	#金光剑
0	0	7	9	-1	-1	-1	#混天钺
0	0	4	10	-1	-1	-1	#炎帝大剑
0	0	5	10	-1	-1	-1	#湛金斧
0	0	6	10	-1	-1	-1	#太极剑
0	0	7	10	-1	-1	-1	#灭神钺
0	0	15	-1	-1	-1	-1	品牌武器
0	0	18	-1	-1	-1	-1	品牌武器
0	0	21	-1	-1	-1	-1	品牌武器
0	0	24	-1	-1	-1	-1	品牌武器
0	0	27	10	-1	-1	-1	#炎帝大剑
0	0	28	10	-1	-1	-1	#湛金斧
0	0	29	10	-1	-1	-1	#太极剑
0	0	30	10	-1	-1	-1	#灭神钺
0	0	31	10	-1	-1	-1	#炎帝大剑
0	0	32	10	-1	-1	-1	#湛金斧
0	0	33	10	-1	-1	-1	#太极剑
0	0	34	10	-1	-1	-1	#灭神钺
0	0	46	-1	-1	-1	-1	#九锡刀
0	0	47	-1	-1	-1	-1	#勾陈斧
0	0	48	-1	-1	-1	-1	#太翎剑
0	0	49	-1	-1	-1	-1	#永夜钺
0	0	50	-1	-1	-1	-1	#六合刀
0	0	51	-1	-1	-1	-1	#八荒斧
0	0	52	-1	-1	-1	-1	#冥寂剑
0	0	53	-1	-1	-1	-1	#巫神钺
0	0	54	-1	-1	-1	-1	#九锡刀(任务装备)
0	0	55	-1	-1	-1	-1	#勾陈斧(任务装备)
0	0	56	-1	-1	-1	-1	#太翎剑(任务装备)
0	0	57	-1	-1	-1	-1	#永夜钺(任务装备)
0	0	58	-1	-1	-1	-1	#六合刀(任务装备)
0	0	59	-1	-1	-1	-1	#八荒斧(任务装备)
0	0	60	-1	-1	-1	-1	#冥寂剑(任务装备)
0	0	61	-1	-1	-1	-1	#巫神钺(任务装备)
0	0	63	-1	-1	-1	-1	#九锡刀(任务装备)
0	0	64	-1	-1	-1	-1	#勾陈斧(任务装备)
0	0	65	-1	-1	-1	-1	#太翎剑(任务装备)
0	0	66	-1	-1	-1	-1	#永夜钺(任务装备)
0	0	67	-1	-1	-1	-1	#六合刀(任务装备)
0	0	68	-1	-1	-1	-1	#八荒斧(任务装备)
0	0	69	-1	-1	-1	-1	#冥寂剑(任务装备)
0	0	70	-1	-1	-1	-1	#巫神钺(任务装备)
0	0	84	-1	-1	-1	-1	#苍穹
0	0	85	-1	-1	-1	-1	#断岳
0	0	86	-1	-1	-1	-1	#御风
0	0	87	-1	-1	-1	-1	#残夜
0	0	88	-1	-1	-1	-1	#虎魄
0	0	89	-1	-1	-1	-1	#折戟
0	0	90	-1	-1	-1	-1	#磐龙
0	0	91	-1	-1	-1	-1	#无双
3	1197	-1	-1	-1	-1	-1	#臻品石
3	1205	-1	-1	-1	-1	-1	#炫彩名玉(未开光)
3	1206	-1	-1	-1	-1	-1	#炫彩玉晶(未开光)
3	1207	-1	-1	-1	-1	-1	#炫彩玉心(未开光)
3	1208	-1	-1	-1	-1	-1	#炫彩玉魂(未开光)
3	1212	-1	-1	-1	-1	-1	#炫彩名玉
3	1213	-1	-1	-1	-1	-1	#炫彩玉晶
3	1214	-1	-1	-1	-1	-1	#炫彩玉心
3	1215	-1	-1	-1	-1	-1	#炫彩玉魂
3	1230	-1	-1	-1	-1	-1	#上古魂魄
3	1229	-1	-1	-1	-1	-1	#八荒精华
3	1230	-1	-1	-1	-1	-1	#上古魂魄
3	1231	-1	-1	-1	-1	-1	#金晶石
3	1232	-1	-1	-1	-1	-1	#火晶石
3	1233	-1	-1	-1	-1	-1	#土晶石
3	1234	-1	-1	-1	-1	-1	#雷晶石
3	1235	-1	-1	-1	-1	-1	#冰晶石
3	1236	-1	-1	-1	-1	-1	#功勋令牌
3	1237	-1	-1	-1	-1	-1	#镇魂晶魄
3	100	-1	-1	-1	-1	-1	#将军令
0	12	0	14	-1	-1	-1	#炫彩·龙魂玉佩
0	12	0	17	-1	-1	-1	#炫彩·青灵玉佩
0	12	0	18	-1	-1	-1	#炫彩·玄武玉佩
0	12	0	19	-1	-1	-1	#炫彩·伏虎玉佩
0	12	0	20	-1	-1	-1	#炫彩·凰血玉佩
0	12	0	21	-1	-1	-1	#炫彩·龙魂玉佩
0	12	0	22	-1	-1	-1	#炫彩·伏虎玉佩
0	12	0	23	-1	-1	-1	#炫彩·凰血玉佩
0	12	0	24	-1	-1	-1	#炫彩·龙魂玉佩
0	0	97	-1	-1	-1	-1	#血刃刀
0	0	98	-1	-1	-1	-1	#偃月斧
0	0	99	-1	-1	-1	-1	#诛仙剑
0	0	100	-1	-1	-1	-1	#焚天钺
0	0	101	-1	-1	-1	-1	#血刃刀(任务装备)
0	0	102	-1	-1	-1	-1	#偃月斧(任务装备)
0	0	103	-1	-1	-1	-1	#诛仙剑(任务装备)
0	0	104	-1	-1	-1	-1	#焚天钺(任务装备)
3	1218	-1	-1	-1	-1	-1	#炫彩玉髓
0	10	69	-1	-1	-1	-1	#炙炎麒麟兽魂
0	10	70	-1	-1	-1	-1	#乾坤应龙真魂
0	10	71	-1	-1	-1	-1	#上古风雷神翼
3	1280	-1	-1	-1	-1	-1	#符石·短刀4级
3	1287	-1	-1	-1	-1	-1	#符石·短刀4级
3	1294	-1	-1	-1	-1	-1	#符石·短刀4级
3	1301	-1	-1	-1	-1	-1	#符石·短刀4级
3	1308	-1	-1	-1	-1	-1	#符石·短刀4级
3	1315	-1	-1	-1	-1	-1	#符石·短刀4级
3	1322	-1	-1	-1	-1	-1	#符石·短刀4级
3	1329	-1	-1	-1	-1	-1	#符石·长刀4级
3	1336	-1	-1	-1	-1	-1	#符石·长刀4级
3	1343	-1	-1	-1	-1	-1	#符石·长刀4级
3	1350	-1	-1	-1	-1	-1	#符石·长刀4级
3	1357	-1	-1	-1	-1	-1	#符石·长刀4级
3	1364	-1	-1	-1	-1	-1	#符石·长刀4级
3	1371	-1	-1	-1	-1	-1	#符石·长刀4级
3	1378	-1	-1	-1	-1	-1	#符石·火系4级
3	1385	-1	-1	-1	-1	-1	#符石·火系4级
3	1392	-1	-1	-1	-1	-1	#符石·火系4级
3	1399	-1	-1	-1	-1	-1	#符石·火系4级
3	1406	-1	-1	-1	-1	-1	#符石·火系4级
3	1413	-1	-1	-1	-1	-1	#符石·冰系4级
3	1420	-1	-1	-1	-1	-1	#符石·冰系4级
3	1427	-1	-1	-1	-1	-1	#符石·冰系4级
3	1434	-1	-1	-1	-1	-1	#符石·冰系4级
3	1441	-1	-1	-1	-1	-1	#符石·冰系4级
3	1448	-1	-1	-1	-1	-1	#符石·土系4级
3	1455	-1	-1	-1	-1	-1	#符石·土系4级
3	1462	-1	-1	-1	-1	-1	#符石·土系4级
3	1469	-1	-1	-1	-1	-1	#符石·土系4级
3	1476	-1	-1	-1	-1	-1	#符石·雷系4级
3	1483	-1	-1	-1	-1	-1	#符石·雷系4级
3	1490	-1	-1	-1	-1	-1	#符石·雷系4级
3	1497	-1	-1	-1	-1	-1	#符石·雷系4级
3	1504	-1	-1	-1	-1	-1	#符石·魔法4级
3	1511	-1	-1	-1	-1	-1	#符石·魔法4级
3	1518	-1	-1	-1	-1	-1	#符石·魔法4级
3	1525	-1	-1	-1	-1	-1	#符石·魔法4级
3	1532	-1	-1	-1	-1	-1	#符石·魔法4级
3	1539	-1	-1	-1	-1	-1	#符石·魔法4级
3	1546	-1	-1	-1	-1	-1	#符石·魔法4级
3	1553	-1	-1	-1	-1	-1	#符石·召唤4级
3	1567	-1	-1	-1	-1	-1	#符石·召唤4级
3	1581	-1	-1	-1	-1	-1	#符石·召唤4级
3	1588	-1	-1	-1	-1	-1	#符石·召唤4级
3	1595	-1	-1	-1	-1	-1	#符石·召唤4级
3	1602	-1	-1	-1	-1	-1	#符石·召唤4级
3	1609	-1	-1	-1	-1	-1	#符石·召唤4级
3	1281	-1	-1	-1	-1	-1	#符石·短刀5级
3	1288	-1	-1	-1	-1	-1	#符石·短刀5级
3	1295	-1	-1	-1	-1	-1	#符石·短刀5级
3	1302	-1	-1	-1	-1	-1	#符石·短刀5级
3	1309	-1	-1	-1	-1	-1	#符石·短刀5级
3	1316	-1	-1	-1	-1	-1	#符石·短刀5级
3	1323	-1	-1	-1	-1	-1	#符石·短刀5级
3	1330	-1	-1	-1	-1	-1	#符石·长刀5级
3	1337	-1	-1	-1	-1	-1	#符石·长刀5级
3	1344	-1	-1	-1	-1	-1	#符石·长刀5级
3	1351	-1	-1	-1	-1	-1	#符石·长刀5级
3	1358	-1	-1	-1	-1	-1	#符石·长刀5级
3	1365	-1	-1	-1	-1	-1	#符石·长刀5级
3	1372	-1	-1	-1	-1	-1	#符石·长刀5级
3	1379	-1	-1	-1	-1	-1	#符石·火系5级
3	1386	-1	-1	-1	-1	-1	#符石·火系5级
3	1393	-1	-1	-1	-1	-1	#符石·火系5级
3	1400	-1	-1	-1	-1	-1	#符石·火系5级
3	1407	-1	-1	-1	-1	-1	#符石·火系5级
3	1414	-1	-1	-1	-1	-1	#符石·冰系5级
3	1421	-1	-1	-1	-1	-1	#符石·冰系5级
3	1428	-1	-1	-1	-1	-1	#符石·冰系5级
3	1435	-1	-1	-1	-1	-1	#符石·冰系5级
3	1442	-1	-1	-1	-1	-1	#符石·冰系5级
3	1449	-1	-1	-1	-1	-1	#符石·土系5级
3	1456	-1	-1	-1	-1	-1	#符石·土系5级
3	1463	-1	-1	-1	-1	-1	#符石·土系5级
3	1470	-1	-1	-1	-1	-1	#符石·土系5级
3	1477	-1	-1	-1	-1	-1	#符石·雷系5级
3	1484	-1	-1	-1	-1	-1	#符石·雷系5级
3	1491	-1	-1	-1	-1	-1	#符石·雷系5级
3	1498	-1	-1	-1	-1	-1	#符石·雷系5级
3	1505	-1	-1	-1	-1	-1	#符石·魔法5级
3	1512	-1	-1	-1	-1	-1	#符石·魔法5级
3	1519	-1	-1	-1	-1	-1	#符石·魔法5级
3	1526	-1	-1	-1	-1	-1	#符石·魔法5级
3	1533	-1	-1	-1	-1	-1	#符石·魔法5级
3	1540	-1	-1	-1	-1	-1	#符石·魔法5级
3	1547	-1	-1	-1	-1	-1	#符石·魔法5级
3	1554	-1	-1	-1	-1	-1	#符石·召唤5级
3	1568	-1	-1	-1	-1	-1	#符石·召唤5级
3	1582	-1	-1	-1	-1	-1	#符石·召唤5级
3	1589	-1	-1	-1	-1	-1	#符石·召唤5级
3	1596	-1	-1	-1	-1	-1	#符石·召唤5级
3	1603	-1	-1	-1	-1	-1	#符石·召唤5级
3	1610	-1	-1	-1	-1	-1	#符石·召唤5级
0	4	99	-1	-1	-1	-1	#至尊·青玉宝囊
0	4	100	-1	-1	-1	-1	#至尊·焰云仙琴
0	4	101	-1	-1	-1	-1	#至尊·真青玉宝囊
0	4	102	-1	-1	-1	-1	#至尊·真焰云仙琴
0	4	103	-1	-1	-1	-1	#至尊·金光翻天印
0	4	104	-1	-1	-1	-1	#至尊·九龙神火罩
0	4	105	-1	-1	-1	-1	#至尊·金光翻天印
0	4	106	-1	-1	-1	-1	#至尊·青玉宝囊
0	4	107	-1	-1	-1	-1	#至尊·焰云仙琴
0	4	108	-1	-1	-1	-1	#至尊·真青玉宝囊
0	4	109	-1	-1	-1	-1	#至尊·真焰云仙琴
0	4	110	-1	-1	-1	-1	#至尊·金光翻天印
0	4	111	-1	-1	-1	-1	#至尊·九龙神火罩
0	4	112	-1	-1	-1	-1	#至尊·金光翻天印
0	4	113	-1	-1	-1	-1	#至尊·青玉宝囊
0	4	114	-1	-1	-1	-1	#至尊·焰云仙琴
0	4	115	-1	-1	-1	-1	#至尊·真青玉宝囊
0	4	116	-1	-1	-1	-1	#至尊·真焰云仙琴
0	4	117	-1	-1	-1	-1	#至尊·金光翻天印
0	4	118	-1	-1	-1	-1	#至尊·九龙神火罩
0	4	119	-1	-1	-1	-1	#至尊·金光翻天印
0	4	120	-1	-1	-1	-1	#至尊·青玉宝囊
0	4	121	-1	-1	-1	-1	#至尊·焰云仙琴
0	4	122	-1	-1	-1	-1	#至尊·真青玉宝囊
0	4	123	-1	-1	-1	-1	#至尊·真焰云仙琴
0	4	124	-1	-1	-1	-1	#至尊·金光翻天印
0	4	125	-1	-1	-1	-1	#至尊·九龙神火罩
0	4	126	-1	-1	-1	-1	#至尊·金光翻天印
0	4	127	-1	-1	-1	-1	#至尊·青玉宝囊
0	4	128	-1	-1	-1	-1	#至尊·焰云仙琴
0	4	129	-1	-1	-1	-1	#至尊·真青玉宝囊
0	4	130	-1	-1	-1	-1	#至尊·真焰云仙琴
0	4	131	-1	-1	-1	-1	#至尊·金光翻天印
0	4	132	-1	-1	-1	-1	#至尊·九龙神火罩
0	4	133	-1	-1	-1	-1	#至尊·金光翻天印
3	1634	-1	-1	-1	-1	-1	#仙宠精华
6	1	1198	-1	-1	-1	-1	神秘的石头
3	1636	-1	-1	-1	-1	-1	#夺回的粮饷
3	1638	-1	-1	-1	-1	-1	#灵宠组合技抵扣4个仙宠精华
3	1639	-1	-1	-1	-1	-1	#灵宠组合技抵扣抵扣7个仙宠精华
6	1	1320	-1	-1	-1	-1	#1亿金钱
6	1	1476	-1	-1	-1	-1	#猴年黄金灵宠图谱
6	1	1526	-1	-1	-1	-1	#限量法宝礼包
6	1	1527	-1	-1	-1	-1	#转生技能书礼包
6	1	1528	-1	-1	-1	-1	#转生技能书碎片礼包
6	1	1534	-1	-1	-1	-1	#4级魂咒礼包
6	1	1535	-1	-1	-1	-1	#6级魂咒礼包
6	1	1666	-1	-1	-1	-1	#鸡年黄金灵宠图谱
6	1	1723	-1	-1	-1	-1	#清除仓库密码符
6	1	1739	-1	-1	-1	-1	#狗年黄金灵宠图谱
6	1	1746	-1	-1	-1	-1	#灵宠奖励礼盒
3	6	-1	-1	-1	-1	-1	#青铜
3	8	-1	-1	-1	-1	-1	#火羽
3	9	-1	-1	-1	-1	-1	#玉骨
3	10	-1	-1	-1	-1	-1	#断剑
3	11	-1	-1	-1	-1	-1	#碎甲
3	12	-1	-1	-1	-1	-1	#鬼面
3	13	-1	-1	-1	-1	-1	#冰肌
3	15	-1	-1	-1	-1	-1	#地卦
3	16	-1	-1	-1	-1	-1	#水卦
3	17	-1	-1	-1	-1	-1	#火卦
3	18	-1	-1	-1	-1	-1	#山卦
3	19	-1	-1	-1	-1	-1	#泽卦
3	20	-1	-1	-1	-1	-1	#风卦
3	21	-1	-1	-1	-1	-1	#雷卦
3	22	-1	-1	-1	-1	-1	#地之心
3	23	-1	-1	-1	-1	-1	#风之泪
3	24	-1	-1	-1	-1	-1	#水之魂
3	25	-1	-1	-1	-1	-1	#火之灵
3	104	-1	-1	-1	-1	-1	#火羽精华
3	105	-1	-1	-1	-1	-1	#玉骨精华
3	106	-1	-1	-1	-1	-1	#断剑精华
3	107	-1	-1	-1	-1	-1	#碎甲精华
3	108	-1	-1	-1	-1	-1	#鬼面精华
3	109	-1	-1	-1	-1	-1	#冰肌精华
3	110	-1	-1	-1	-1	-1	#地之心精华
3	111	-1	-1	-1	-1	-1	#风之泪精华
3	112	-1	-1	-1	-1	-1	#水之魂精华
3	113	-1	-1	-1	-1	-1	#火之灵精华
3	114	-1	-1	-1	-1	-1	#六道精华
3	115	-1	-1	-1	-1	-1	#四象精华
3	116	-1	-1	-1	-1	-1	#大地之眼
3	117	-1	-1	-1	-1	-1	#漩涡之眼
3	118	-1	-1	-1	-1	-1	#烈焰之眼
3	119	-1	-1	-1	-1	-1	#风暴之眼
3	120	-1	-1	-1	-1	-1	#混沌心
3	121	-1	-1	-1	-1	-1	#穷奇头
3	122	-1	-1	-1	-1	-1	#饕餮角
3	123	-1	-1	-1	-1	-1	#梼杌魂
3	1173	-1	-1	-1	-1	-1	#幻灵之眼
1	2	-1	-1	-1	-1	-1	#大红丹
1	5	-1	-1	-1	-1	-1	#大还丹
1	6	-1	-1	-1	-1	-1	#巧克力
1	21	-1	-1	-1	-1	-1	#大补心丹
1	24	-1	-1	-1	-1	-1	#大回元丹
6	1	1769	-1	-1	-1	-1	#吸魂幡
6	1	1770	-1	-1	-1	-1	#仙魔主题日符
6	1	1771	-1	-1	-1	-1	#飞升丹
6	1	1833	-1	-1	-1	-1	#汪汪叼回之物
6	1	1834	-1	-1	-1	-1	#碎玉残片
6	1	1835	-1	-1	-1	-1	#六道四象小礼包
6	1	719	-1	-1	-1	-1	生活配方
6	1	720	-1	-1	-1	-1	生活配方
6	1	721	-1	-1	-1	-1	生活配方
6	1	722	-1	-1	-1	-1	生活配方
6	1	1863	-1	-1	-1	-1	#鼠年黄金灵宠图谱
6	1	1460	-1	-1	-1	-1	#数据互通礼包
6	1	1370	-1	-1	-1	-1	#福运许愿卡
6	1	1870	-1	-1	-1	-1	#勇者之心称号
6	1	1871	-1	-1	-1	-1	#回归礼包
6	1	1872	-1	-1	-1	-1	#主题日翻倍符
6	1	1873	-1	-1	-1	-1	#助力礼包
3	1640	-1	-1	-1	-1	-1	#凶兽精华
3	1641	-1	-1	-1	-1	-1	#五行心
3	1642	-1	-1	-1	-1	-1	#觉醒石
3	1643	-1	-1	-1	-1	-1	#神魂觉醒石
3	1644	-1	-1	-1	-1	-1	#神印精华
3	1645	-1	-1	-1	-1	-1	#神印精粹
3	1646	-1	-1	-1	-1	-1	#武器精华
3	1647	-1	-1	-1	-1	-1	#日月钱
3	429	-1	-1	-1	-1	-1	#五色石
3	430	-1	-1	-1	-1	-1	#七彩石
3	431	-1	-1	-1	-1	-1	#五色石
3	432	-1	-1	-1	-1	-1	#七彩石
3	433	-1	-1	-1	-1	-1	#五色石
3	434	-1	-1	-1	-1	-1	#七彩石
3	435	-1	-1	-1	-1	-1	#石中玉
3	448	-1	-1	-1	-1	-1	#苍龙角
3	449	-1	-1	-1	-1	-1	#绿晶石
3	450	-1	-1	-1	-1	-1	#绿晶石
3	451	-1	-1	-1	-1	-1	#绿晶石
6	1	1889	-1	-1	-1	-1	#牛年黄金灵宠图谱
6	1	1899	-1	-1	-1	-1	#灵宝袋
6	1	1900	-1	-1	-1	-1	#灵宝袋
6	1	1901	-1	-1	-1	-1	#灵宝袋
6	1	1902	-1	-1	-1	-1	#灵宝袋
6	1	1903	-1	-1	-1	-1	#灵宝袋
6	1	1698	-1	-1	-1	-1	#王母之书
6	1	1561	-1	-1	-1	-1	#团圆大礼包
6	1	1885	-1	-1	-1	-1	#新服活动礼包
6	1	991	-1	-1	-1	-1	#活动礼包
6	1	992	-1	-1	-1	-1	#活动礼包
6	1	994	-1	-1	-1	-1	#活动礼包
6	1	997	-1	-1	-1	-1	#活动礼包
6	1	1001	-1	-1	-1	-1	#活动礼包