武器类别	站立	休息	待击	跑步	攻击	受伤	死亡	奉上
ani001	56,8,1	56,8,1	56,8,1	56,8,1	56,8,1	56,8,1	1,1,1	1,1,1
ani002	56,8,1	56,8,1	56,8,1	56,8,1	56,8,1	56,8,1		1,1,1
ani003	56,8,1	56,8,1	56,8,1	56,8,1	56,8,1	56,8,1		1,1,1
ani004	48,8,1	48,8,1	48,8,1	48,8,1	48,8,1	48,8,1		1,1,1
ani005	56,8,1	56,8,1	56,8,1	56,8,1	56,8,1	56,8,1		1,1,1
ani006	48,8,1	48,8,1	48,8,1	48,8,1	48,8,1	48,8,1		1,1,1
ani007	56,8,1	56,8,1	56,8,1	56,8,1	56,8,1	56,8,1		1,1,1
ani008	56,8,1	56,8,1	56,8,1	56,8,1	56,8,1	56,8,1		1,1,1
ani009	56,8,1	56,8,1	56,8,1	56,8,1	56,8,1	56,8,1		1,1,1
ani010	56,8,1	56,8,1	56,8,1	56,8,1	56,8,1	56,8,1		1,1,1
ani011	56,8,1	56,8,1	56,8,1	56,8,1	56,8,1	56,8,1		1,1,1
ani012	56,8,1	56,8,1	56,8,1	56,8,1	56,8,1	56,8,1		1,1,1
ani013	56,8,1	56,8,1	56,8,1	56,8,1	56,8,1	56,8,1		1,1,1
ani014	48,8,1	48,8,1	48,8,1	48,8,1	48,8,1	48,8,1		1,1,1
ani015	56,8,1	56,8,1	56,8,1	56,8,1	56,8,1	56,8,1		1,1,1
ani016	56,8,1	56,8,1	56,8,1	56,8,1	56,8,1	56,8,1		1,1,1
ani017	56,8,1	56,8,1	56,8,1	56,8,1	56,8,1	56,8,1		1,1,1
ani018	56,8,1	56,8,1	56,8,1	56,8,1	56,8,1	56,8,1		1,1,1
ani019	56,8,1	56,8,1	56,8,1	56,8,1	56,8,1	56,8,1		1,1,1
ani020	48,8,1	48,8,1	48,8,1	48,8,1	48,8,1	48,8,1		1,1,1
ani021	56,8,1	56,8,1	56,8,1	56,8,1	56,8,1	56,8,1		1,1,1
ani022	48,8,1	48,8,1	48,8,1	48,8,1	48,8,1	48,8,1		1,1,1
ani023	48,8,1	48,8,1	48,8,1	48,8,1	48,8,1	48,8,1		1,1,1
ani024	56,8,1	56,8,1	56,8,1	56,8,1	56,8,1	56,8,1		1,1,1
ani025	56,8,1	56,8,1	56,8,1	56,8,1	56,8,1	56,8,1		1,1,1
ani026	56,8,1	56,8,1	56,8,1	56,8,1	56,8,1	56,8,1		1,1,1
ani027	56,8,1	56,8,1	56,8,1	56,8,1	56,8,1	56,8,1		1,1,1
ani028	56,8,1	56,8,1	56,8,1	56,8,1	56,8,1	56,8,1		1,1,1
ani029	48,8,1	48,8,1	48,8,1	48,8,1	48,8,1	48,8,1		1,1,1
ani030	56,8,1	56,8,1	56,8,1	56,8,1	56,8,1	56,8,1		1,1,1
ani031	56,8,1	56,8,1	56,8,1	56,8,1	56,8,1	56,8,1		1,1,1
ani032	56,8,1	56,8,1	56,8,1	56,8,1	56,8,1	56,8,1		1,1,1
ani033	56,8,1	56,8,1	56,8,1	56,8,1	56,8,1	56,8,1		1,1,1
ani034	56,8,1	56,8,1	56,8,1	56,8,1	56,8,1	56,8,1		1,1,1
ani035	56,8,1	56,8,1	56,8,1	56,8,1	56,8,1	56,8,1		1,1,1
ani036	48,8,1	48,8,1	48,8,1	48,8,1	48,8,1	48,8,1		1,1,1
ani037	48,8,1	48,8,1	48,8,1	48,8,1	48,8,1	48,8,1		1,1,1
ani038	56,8,1	56,8,1	56,8,1	56,8,1	56,8,1	56,8,1		1,1,1
ani039	56,8,1	56,8,1	56,8,1	56,8,1	56,8,1	56,8,1		1,1,1
ani040	48,8,1	48,8,1	48,8,1	48,8,1	48,8,1	48,8,1		1,1,1
ani041	56,8,1	56,8,1	56,8,1	56,8,1	56,8,1	56,8,1		1,1,1
ani042	56,8,1	56,8,1	56,8,1	56,8,1	56,8,1	56,8,1		1,1,1
ani043	56,8,1	56,8,1	56,8,1	56,8,1	56,8,1	56,8,1		1,1,1
ani044	56,8,1	56,8,1	56,8,1	56,8,1	56,8,1	56,8,1		1,1,1
ani045	56,8,1	56,8,1	56,8,1	56,8,1	56,8,1	56,8,1		1,1,1
ani046	56,8,1	56,8,1	56,8,1	56,8,1	56,8,1	56,8,1		1,1,1
ani047	40,8,1	40,8,1	40,8,1	88,8,1	88,8,1	40,8,1		1,1,1
ani048	40,8,1	40,8,1	40,8,1	88,8,1	88,8,1	40,8,1		1,1,1
ani049	56,8,1	56,8,1	56,8,1	56,8,1	56,8,1	56,8,1		1,1,1
ani050	56,8,1	56,8,1	56,8,1	56,8,1	56,8,1	56,8,1		1,1,1
ani051	56,8,1	56,8,1	56,8,1	56,8,1	56,8,1	56,8,1		1,1,1
ani052	56,8,1	56,8,1	56,8,1	56,8,1	56,8,1	56,8,1		1,1,1
ani053	56,8,1	56,8,1	56,8,1	56,8,1	56,8,1	56,8,1		1,1,1
ani054	40,8,200	40,8,200	40,8,200	40,8,100	40,8,100	40,8,200		1,1,1
ani055								1,1,1
ani056								1,1,1
ani057								1,1,1
ani058								1,1,1
ani059								1,1,1
ani060								1,1,1
ani061								1,1,1
ani062								1,1,1
ani063								1,1,1
ani064								1,1,1
ani065								1,1,1
ani066								1,1,1
ani067								1,1,1
ani068								1,1,1
ani069								1,1,1
ani070								1,1,1
ani071								1,1,1
ani072								1,1,1
ani073								1,1,1
ani074								1,1,1
ani075								1,1,1
ani076								1,1,1
ani077								1,1,1
ani078								1,1,1
ani079								1,1,1
ani080								1,1,1
ani081								1,1,1
ani082								1,1,1
ani083	40,8,1	40,8,1	40,8,1	88,8,1	88,8,1	40,8,1	40,8,1	1,1,1
ani084								1,1,1
ani085								1,1,1
ani086								1,1,1
ani087								1,1,1
ani088								1,1,1
ani089								1,1,1
ani090								1,1,1
ani091								1,1,1
ani092								1,1,1
ani093								1,1,1
ani094								1,1,1
ani095								1,1,1
ani096								1,1,1
ani097	40,8,100	40,8,100	40,8,100	56,8,1	56,8,100	40,8,100		1,1,1
ani098	40,8,1	40,8,1	40,8,1	56,8,1	56,8,100	40,8,1		1,1,1
ani099	40,8,1	40,8,1	40,8,1	40,8,1	56,8,1	40,8,1		1,1,1
ani100	40,8,100	56,8,100	40,8,100	56,8,100	56,8,100	56,8,100		1,1,1
ani101	40,8,100	56,8,100	40,8,100	56,8,100	56,8,100	56,8,100		1,1,1
ani102	48,8,100	56,8,100	40,8,100	56,8,100	56,8,100	56,8,100		1,1,1
ani103	40,8,100	56,8,100	40,8,100	56,8,100	56,8,100	56,8,100		1,1,1
ani104	40,8,100	56,8,100	40,8,100	56,8,100	56,8,100	56,8,100		1,1,1
ani105	40,8,100	56,8,100	40,8,100	56,8,100	56,8,100	56,8,100		1,1,1
ani106	56,8,100	56,8,100	56,8,100	56,8,100	56,8,100	56,8,100		1,1,1
ani107	72,8,200	112,8,200	72,8,200	56,8,200	104,8,200	56,8,200		1,1,1
ani108	72,8,200	112,8,200	72,8,200	56,8,200	104,8,200	56,8,200		1,1,1
ani109	72,8,200	112,8,200	72,8,200	56,8,200	104,8,200	56,8,200		1,1,1
ani110								1,1,1
ani111								1,1,1
ani112								1,1,1
ani113								1,1,1
ani114								1,1,1
ani115								1,1,1
ani116								1,1,1
ani117								1,1,1
ani118								1,1,1
ani119								1,1,1
ani120								1,1,1
ani121								1,1,1
ani122								1,1,1
ani123								1,1,1
ani124								1,1,1
ani125								1,1,1
ani126								1,1,1
ani127								1,1,1
ani128								1,1,1
ani129								1,1,1
ani130								1,1,1
ani131								1,1,1
ani132								1,1,1
ani133								1,1,1
ani134								1,1,1
ani135								1,1,1
ani136								1,1,1
ani137								1,1,1
ani138								1,1,1
ani139								1,1,1
ani140								1,1,1
ani141								1,1,1
ani142								1,1,1
ani143								1,1,1
ani144								1,1,1
ani145								1,1,1
ani146								1,1,1
ani147								1,1,1
ani148								1,1,1
ani149								1,1,1
passerby001	40,8,1	40,8,1	40,8,1					1,1,1
passerby002	40,8,300	40,8,300	40,8,300					1,1,1
passerby003	40,8,300	40,8,300	40,8,300					1,1,1
passerby004	40,8,1	40,8,1	40,8,1					1,1,1
passerby005	40,8,300	40,8,300	40,8,300					1,1,1
passerby006	40,8,1	40,8,1	40,8,1					1,1,1
passerby007	40,8,300	40,8,300	40,8,300					1,1,1
passerby008	40,8,300	40,8,300	40,8,300					1,1,1
passerby009	40,8,1	40,8,1	40,8,1					1,1,1
passerby010	40,8,300	40,8,300	40,8,300					1,1,1
passerby011	3,1,50	3,1,50	3,1,50					1,1,1
passerby012	40,8,300	40,8,300	40,8,300					1,1,1
passerby013	40,8,300	40,8,300	40,8,300					1,1,1
passerby014	40,8,300	40,8,300	40,8,300					1,1,1
passerby015	40,8,1	40,8,1	40,8,1					1,1,1
passerby016	5,1,1	5,1,1	5,1,1					1,1,1
passerby017	40,8,1	40,8,1	40,8,1					1,1,1
passerby018	5,1,1	5,1,1	5,1,1					1,1,1
passerby019	40,8,1	40,8,1	40,8,1					1,1,1
passerby020	40,8,1	40,8,1	40,8,1					1,1,1
passerby021	40,8,300	40,8,300	40,8,300					1,1,1
passerby022	1,1,1	1,1,1	1,1,1					1,1,1
passerby023	1,1,1	1,1,1	1,1,1					1,1,1
passerby024	1,1,1	1,1,1	1,1,1					1,1,1
passerby025	1,1,1	1,1,1	1,1,1					1,1,1
passerby026	1,1,1	1,1,1	1,1,1					1,1,1
passerby027	1,1,1	1,1,1	1,1,1					1,1,1
passerby028	40,8,1	40,8,1	40,8,1					1,1,1
passerby029	40,8,1	40,8,1	40,8,1					1,1,1
passerby030	40,8,1	40,8,1	40,8,1					1,1,1
passerby031	40,8,1	40,8,1	40,8,1					1,1,1
passerby032	40,8,1	40,8,1	40,8,1					1,1,1
passerby033	40,8,1	40,8,1	40,8,1					1,1,1
passerby034	40,8,1	40,8,1	40,8,1					1,1,1
passerby035	32,8,1	32,8,1	32,8,1					1,1,1
passerby036	40,8,1	40,8,1	40,8,1					1,1,1
passerby037	40,8,1	40,8,1	40,8,1					1,1,1
passerby038	40,8,1	40,8,1	40,8,1					1,1,1
passerby039	32,8,1	32,8,1	32,8,1					1,1,1
passerby040	40,8,1	40,8,1	40,8,1					1,1,1
passerby041	40,8,1	40,8,1	40,8,1					1,1,1
passerby042	40,8,1	40,8,1	40,8,1					1,1,1
passerby043	40,8,300	40,8,300	40,8,300					1,1,1
passerby044	40,8,1	40,8,1	40,8,1					1,1,1
passerby045	6,1,1	6,1,1	6,1,1					1,1,1
passerby046	5,1,300	5,1,300	5,1,300					1,1,1
passerby047	40,8,300	40,8,300	40,8,300					1,1,1
passerby048	6,1,1	6,1,1	6,1,1					1,1,1
passerby049	40,8,1	40,8,1	40,8,1					1,1,1
passerby050	5,1,300	5,1,300	5,1,300					1,1,1
passerby051	40,8,1	40,8,1	40,8,1					1,1,1
passerby052	32,8,1	32,8,1	32,8,1					1,1,1
passerby053	40,8,1	40,8,1	40,8,1					1,1,1
passerby054	40,8,1	40,8,1	40,8,1					1,1,1
passerby055	40,8,300	40,8,300	40,8,300					1,1,1
passerby056	40,8,300	40,8,300	40,8,300					1,1,1
passerby057	40,8,300	40,8,300	40,8,300					1,1,1
passerby058	40,8,300	40,8,300	40,8,300					1,1,1
passerby059	40,8,1	40,8,1	40,8,1					1,1,1
passerby060	40,8,300	40,8,300	40,8,300					1,1,1
passerby061	40,8,300	40,8,300	40,8,300					1,1,1
passerby062	40,8,300	40,8,300	40,8,300					1,1,1
passerby063	40,8,300	40,8,300	40,8,300					1,1,1
passerby064	40,8,300	40,8,300	40,8,300					1,1,1
passerby065	40,8,300	40,8,300	40,8,300					1,1,1
passerby066	40,8,300	40,8,300	40,8,300					1,1,1
passerby067	40,8,300	40,8,300	40,8,300					1,1,1
passerby068								1,1,1
passerby069	32,8,1	32,8,1	32,8,1					1,1,1
passerby070	32,8,1	32,8,1	32,8,1					1,1,1
passerby071	40,8,1	40,8,1	40,8,1					1,1,1
passerby072	40,8,1	40,8,1	40,8,1					1,1,1
passerby073	40,8,1	40,8,1	40,8,1					1,1,1
passerby074	3,1,99	3,1,99	3,1,99					1,1,1
passerby075	40,8,100	40,8,100	40,8,100					1,1,1
passerby076	40,8,100	40,8,100	40,8,100					1,1,1
passerby077	40,8,1	40,8,1	40,8,1					1,1,1
passerby078	40,8,1	40,8,1	40,8,1					1,1,1
passerby079	40,8,1	40,8,1	40,8,1					1,1,1
passerby080	40,8,1	40,8,1	40,8,1					1,1,1
passerby081	40,8,1	40,8,1	40,8,1					1,1,1
passerby082	40,8,1	40,8,1	40,8,1					1,1,1
passerby083	40,8,1	40,8,1	40,8,1					1,1,1
passerby084	40,8,1	40,8,1	40,8,1					1,1,1
passerby085	1,1,1	1,1,1	1,1,1					1,1,1
passerby086	56,8,85	56,8,85	56,8,85	56,8,85	56,8,85	56,8,85	56,8,85	1,1,1
passerby087	56,8,85	56,8,85	56,8,85	56,8,85	56,8,85	56,8,85	56,8,85	1,1,1
passerby088	1,1,1	1,1,1	1,1,1	1,1,1	1,1,1	1,1,1		1,1,1
passerby089	1,1,1	1,1,1	1,1,1	1,1,1	1,1,1	1,1,1		1,1,1
passerby090								1,1,1
passerby091								1,1,1
passerby092								1,1,1
passerby093								1,1,1
passerby094								1,1,1
passerby095								1,1,1
passerby096								1,1,1
passerby097								1,1,1
passerby098								1,1,1
passerby099	12,1,50	12,1,50	12,1,50					1,1,1
passerby100	12,1,60	12,1,60	12,1,60	12,1,60	12,1,60	12,1,60	12,1,60	1,1,1
passerby101	17,1,50	17,1,50	17,1,50	17,1,50	17,1,50	17,1,50	17,1,50	1,1,1
passerby102	1,1,1	1,1,1	1,1,1					1,1,1
passerby103	3,1,200	3,1,200	3,1,200	3,1,200	3,1,200	3,1,200	3,1,200	1,1,1
passerby104	1,1,1	1,1,1	1,1,1					1,1,1
passerby105	1,1,1	1,1,1	1,1,1					1,1,1
passerby106	1,1,1	1,1,1	1,1,1					1,1,1
passerby107								1,1,1
passerby108								1,1,1
passerby109								1,1,1
passerby110	5,1,1	5,1,1	5,1,1					1,1,1
passerby111	2,1,1	2,1,1	2,1,1					1,1,1
passerby112	8,1,1	8,1,1	8,1,1	8,1,1	8,1,1	8,1,1		1,1,1
passerby113	8,8,1	8,8,1	8,8,1	8,8,1	8,8,1	8,8,1		1,1,1
passerby114								1,1,1
passerby115								1,1,1
passerby116								1,1,1
passerby117								1,1,1
passerby118								1,1,1
passerby119								1,1,1
passerby120								1,1,1
passerby121								1,1,1
passerby122								1,1,1
passerby123								1,1,1
passerby124								1,1,1
passerby125								1,1,1
passerby126								1,1,1
passerby127								1,1,1
passerby128								1,1,1
passerby129								1,1,1
passerby130								1,1,1
passerby131								1,1,1
passerby132								1,1,1
passerby133								1,1,1
passerby134								1,1,1
passerby135								1,1,1
passerby136								1,1,1
passerby137								1,1,1
passerby138								1,1,1
passerby139								1,1,1
passerby140								1,1,1
passerby141								1,1,1
passerby142								1,1,1
passerby143								1,1,1
passerby144								1,1,1
passerby145								1,1,1
passerby146								1,1,1
passerby147								1,1,1
passerby148								1,1,1
passerby149								1,1,1
passerby150								1,1,1
human001	40,8,1	40,8,1	40,8,1	56,8,1	56,8,100	40,8,1		1,1,1
human002	40,8,1	40,8,1	40,8,1	56,8,1	56,8,1	40,8,1		1,1,1
human003	40,8,1	40,8,1	40,8,1	56,8,1	56,8,1	40,8,1		1,1,1
human004	40,8,100	40,8,100	40,8,100	56,8,1	56,8,1	40,8,1		1,1,1
human005	40,8,100	40,8,100	40,8,100	56,8,100	56,8,100	40,8,100		1,1,1
human006	40,8,100	40,8,100	40,8,100	56,8,100	56,8,100	40,8,100		1,1,1
human007	40,8,100	40,8,100	40,8,100	56,8,100	56,8,100	40,8,100		1,1,1
human008	40,8,100	40,8,100	40,8,100	56,8,100	56,8,100	40,8,1		1,1,1
human009	40,8,100	40,8,100	40,8,100	56,8,100	56,8,100	40,8,100		1,1,1
human010	40,8,100	40,8,100	40,8,100	56,8,100	56,8,100	40,8,100		1,1,1
human011	40,8,100	40,8,100	40,8,100	56,8,100	56,8,1	40,8,100		1,1,1
human012	40,8,1	40,8,1	40,8,1	56,8,1	56,8,1	40,8,1		1,1,1
human013	40,8,1	40,8,1	40,8,1	56,8,100	56,8,1	40,8,1		1,1,1
human014	40,8,1	40,8,1	40,8,1	56,8,1	56,8,1	40,8,1		1,1,1
human015								1,1,1
human016								1,1,1
human017								1,1,1
human018								1,1,1
human019								1,1,1
human020								1,1,1
human021								1,1,1
human022								1,1,1
human023								1,1,1
human024								1,1,1
human025								1,1,1
human026								1,1,1
human027								1,1,1
human028								1,1,1
human029								1,1,1
human030								1,1,1
human031								1,1,1
human032								1,1,1
human033								1,1,1
human034								1,1,1
human035								1,1,1
human036								1,1,1
human037								1,1,1
human038								1,1,1
human039								1,1,1
human040								1,1,1
human041								1,1,1
human042								1,1,1
human043								1,1,1
human044	6,1,100	6,1,100	6,1,100	6,1,100	6,1,100	6,1,100		1,1,1
human045	48,8,100	48,8,100	48,8,100	48,8,100	48,8,100	48,8,100		1,1,1
human046	40,8,1	40,8,1	40,8,1	56,8,1		40,8,1		1,1,1
human047	40,8,1	40,8,1	40,8,1	56,8,1	56,8,1	40,8,1		1,1,1
human048	40,8,1	40,8,1	40,8,1	56,8,1	56,8,1	40,8,1		1,1,1
human049	40,8,1	40,8,1	40,8,1	56,8,90	56,8,1	40,8,1		1,1,1
human050	40,8,1	40,8,1	40,8,1	56,8,1	56,8,1	40,8,1		1,1,1
material001	5,5,150	5,5,150	5,5,150					1,1,1
material002	6,1,300	6,1,300	6,1,300					1,1,1
material003	9,1,150	9,1,150	9,1,150					1,1,1
material004	5,5,150	5,5,150	5,5,150					1,1,1
material005	5,5,150	5,5,150	5,5,150					1,1,1
material006								1,1,1
material007								1,1,1
material008								1,1,1
material009								1,1,1
material010								1,1,1
battle001	40,8,180	40,8,180	40,8,180	56,8,128	56,8,128	40,8,180		1,1,1
battle002	40,8,1	40,8,1	40,8,1	56,8,1	56,8,1	40,8,1		1,1,1
battle003	56,8,1	56,8,1	56,8,1	56,8,1	56,8,100	40,8,1		1,1,1
battle004	48,8,1	48,8,1	48,8,1	96,8,1	48,8,1	48,8,1		1,1,1
battle005	40,8,100	40,8,100	40,8,100	88,8,60	40,8,100	40,8,100		1,1,1
battle006	40,8,1	40,8,1	40,8,1	40,8,1	40,8,1	40,8,1		1,1,1
battle007	32,8,1	32,8,1	32,8,1	24,8,1				1,1,1
battle008	48,8,1	48,8,1	48,8,1	48,8,1	48,8,1	48,8,1		1,1,1
battle009	8,8,1	8,8,1	8,8,1					1,1,1
battle010	48,8,140	48,8,140	48,8,140	48,8,120				1,1,1
battle011	5,1,100	5,1,100	5,1,100	5,1,100	5,1,100	5,1,100		1,1,1
battle012								1,1,1
battle013								1,1,1
battle014								1,1,1
battle015								1,1,1
battle016								1,1,1
battle017								1,1,1
battle018								1,1,1
battle019								1,1,1
battle020								1,1,1
building001	1,1,1		4,4,1				1,1,1	1,1,1
building002	1,1,1		4,4,190				1,1,1	1,1,1
building003	1,1,1		1,1,1				1,1,1	1,1,1
building004	1,1,1		4,4,100				1,1,1	1,1,1
building005	1,1,1		4,4,100				1,1,1	1,1,1
building006	1,1,1		4,4,100				1,1,1	1,1,1
building007	1,1,1		4,4,450				1,1,1	1,1,1
building008	1,1,1		4,4,100				1,1,1	1,1,1
building009	1,1,1		4,4,190				1,1,1	1,1,1
building010	1,1,1		4,4,1				1,1,1	1,1,1
building011	1,1,1		4,4,190				1,1,1	1,1,1
building012	1,1,1		4,4,190				1,1,1	1,1,1
building013	1,1,1		4,4,250				1,1,1	1,1,1
building014	1,1,1		4,4,190				1,1,1	1,1,1
building015	1,1,1		4,4,192				1,1,1	1,1,1
building016	1,1,1		4,4,190				1,1,1	1,1,1
building017	1,1,1		1,1,1				1,1,1	1,1,1
building018	1,1,1		1,1,1				1,1,1	1,1,1
building019	1,1,1		1,1,1				1,1,1	1,1,1
building020	1,1,1		4,4,190				1,1,1	1,1,1
building021	1,1,1		1,1,1				1,1,1	1,1,1
building022	1,1,1		1,1,1				1,1,1	1,1,1
building023	1,1,1						1,1,1	1,1,1
building024	1,1,1						1,1,1	1,1,1
building025	1,1,1		1,1,1				1,1,1	1,1,1
building026	1,1,1	1,1,1	1,1,1	1,1,1	1,1,1	1,1,1	1,1,1	1,1,1
building027	1,1,1		1,1,1				1,1,1	1,1,1
building028	1,1,1		1,1,1				1,1,1	1,1,1
building029	1,1,1		1,1,1				1,1,1	1,1,1
building030	1,1,1		1,1,1				1,1,1	1,1,1
building031	1,1,1		1,1,1				1,1,1	1,1,1
building032	1,1,1		1,1,1				1,1,1	1,1,1
building033	1,1,1		1,1,1				1,1,1	1,1,1
building034	1,1,1		1,1,1				1,1,1	1,1,1
xia001	40,8,100	8,8,100	40,8,100	88,8,100	88,8,100	40,8,100		1,1,1
xia002	40,8,100	8,8,100	40,8,100	88,8,100	88,8,100	40,8,100		1,1,1
xia003	40,8,100	8,8,100	40,8,100	88,8,100	88,8,100	40,8,100		1,1,1
xia004	40,8,100	8,8,100	40,8,100	88,8,100	88,8,100	40,8,100		1,1,1
sale001	1,1,1	1,1,1	1,1,1	1,1,1	1,1,1	1,1,1		1,1,1
sale002	1,1,1	1,1,1	1,1,1	1,1,1	1,1,1	1,1,1		1,1,1
sale003	1,1,1	1,1,1	1,1,1	1,1,1	1,1,1	1,1,1		1,1,1
sale004	1,1,1	1,1,1	1,1,1	1,1,1	1,1,1	1,1,1		1,1,1
sale005	1,1,1	1,1,1	1,1,1	1,1,1	1,1,1	1,1,1		1,1,1
sale006	1,1,1	1,1,1	1,1,1	1,1,1	1,1,1	1,1,1		1,1,1
sale007	1,1,1	1,1,1	1,1,1	1,1,1	1,1,1	1,1,1		1,1,1
sale008	1,1,1	1,1,1	1,1,1	1,1,1	1,1,1	1,1,1		1,1,1
sale009	1,1,1	1,1,1	1,1,1	1,1,1	1,1,1	1,1,1		1,1,1
sale010	1,1,1	1,1,1	1,1,1	1,1,1	1,1,1	1,1,1		1,1,1
skill001	34,1,1	34,1,1	34,1,1					1,1,1
skill002	13,1,1	13,1,1	13,1,1					1,1,1
skill003	16,1,1	16,1,1	16,1,1					1,1,1
skill004	16,1,1	16,1,1	16,1,1					1,1,1
skill005	20,1,1	20,1,1	20,1,1					1,1,1
passerby200	11,1,1	11,1,1	11,1,1					1,1,1
passerby201	3,1,1	3,1,1	3,1,1					1,1,1
passerby202	3,1,1	3,1,1	3,1,1					1,1,1
passerby203	3,1,1	3,1,1	3,1,1					1,1,1
passerby204	3,1,1	3,1,1	3,1,1					1,1,1
passerby205	3,1,1	3,1,1	3,1,1					1,1,1
passerby206	3,1,1	3,1,1	3,1,1					1,1,1
passerby207	3,1,1	3,1,1	3,1,1					1,1,1
ani150	72,8,1	72,8,1	80,8,1	80,8,1				1,1,1
ani151	80,8,1	72,8,1						1,1,1
ani152	3,1,1	3,3,1						1,1,1
building035	1,1,1	11,1,100	11,1,100	11,1,100	11,1,100	11,1,100		1,1,1
building036	1,1,1	1,1,1	1,1,1	1,1,1	1,1,1	1,1,1		1,1,1
ani153	64,8,1	64,8,1	64,8,1	72,8,1	56,8,1	40,8,1		
ani154	72,8,1	72,8,1	72,8,1	72,8,1	56,8,1	40,8,1		
ani155	72,8,1	72,8,1	72,8,1	72,8,1	56,8,1	40,8,1		
ani156	72,8,1	72,8,1	72,8,1	72,8,1	56,8,1	40,8,1		
ani157	72,8,1	72,8,1	72,8,1	72,8,1	56,8,1	40,8,1		
skill006	9,1,1	9,1,1	9,1,1					
ani158	40,8,1	40,8,1	40,8,1	96,8,1				
passerby208	41,1,1	41,1,1	41,1,1					
ani159	8,1,1	8,1,1	8,1,1	8,1,1	8,1,1	8,1,1		
ani160	8,1,1	8,1,1	8,1,1	8,1,1	8,1,1	8,1,1		
ani161	8,1,1	8,1,1	8,1,1	8,1,1	8,1,1	8,1,1		
battle021	3,1,1	3,1,1	3,1,1					1,1,1
battle022	5,1,1	5,1,1	5,1,1					1,1,1
battle023	3,1,1	3,1,1	3,1,1					1,1,1
battle024	5,1,1	5,1,1	5,1,1					1,1,1
ani162	64,8,1	64,8,1	64,8,1	64,8,1	64,8,1	64,8,1		
ani163	64,8,1	64,8,1	64,8,1	64,8,1	64,8,1	64,8,1		
ani164	64,8,1	64,8,1	64,8,1	64,8,1	64,8,1	64,8,1		
ani165	64,8,1	64,8,1	64,8,1	64,8,1	64,8,1	64,8,1		
ani166	64,8,1	64,8,1	64,8,1	64,8,1	64,8,1	64,8,1		
ani167	64,8,1	64,8,1	64,8,1	64,8,1	64,8,1	64,8,1		
ani168	64,8,1	64,8,1	64,8,1	64,8,1	64,8,1	64,8,1		
xia005	64,8,1	64,8,1	64,8,1	64,8,1	64,8,1	64,8,1		
xia006	64,8,1	64,8,1	64,8,1	64,8,1	64,8,1	64,8,1		
flower001	11,1,1	11,1,1	11,1,1	11,1,1	11,1,1	11,1,1		
flower002	11,1,1	11,1,1	11,1,1	11,1,1	11,1,1	11,1,1		
flower003	11,1,1	11,1,1	11,1,1	11,1,1	11,1,1	11,1,1		
flower004	11,1,1	11,1,1	11,1,1	11,1,1	11,1,1	11,1,1		
men001	11,1,1	11,1,1	11,1,1	11,1,1	11,1,1	11,1,1		
tudui001	1,1,1	1,1,1	1,1,1	1,1,1	1,1,1	1,1,1		
tudui002	1,1,1	1,1,1	1,1,1	1,1,1	1,1,1	1,1,1		
tudui003	1,1,1	1,1,1	1,1,1	1,1,1	1,1,1	1,1,1		
qizhi001	3,1,100	3,1,100	3,1,100	3,1,100	3,1,100	3,1,100		
qizhi002	3,1,100	3,1,100	3,1,100	3,1,100	3,1,100	3,1,100		
ani167	64,8,1	64,8,1	64,8,1	64,8,1	64,8,1	64,8,1		
ani169	64,8,1	64,8,1	64,8,1	64,8,1	64,8,1	64,8,1		
hun001	9,1,1	9,1,1	9,1,1	9,1,1	9,1,1	9,1,1		
hun002	9,1,1	9,1,1	9,1,1	9,1,1	9,1,1	9,1,1		
flower005	9,1,1	9,1,1	9,1,1	9,1,1	9,1,1	9,1,1		
flower006	9,1,1	9,1,1	9,1,1	9,1,1	9,1,1	9,1,1		
fazhen001	10,1,1	10,1,1	10,1,1	10,1,1	10,1,1	10,1,1		
fazhen002	15,1,1	15,1,1	15,1,1	15,1,1	15,1,1	15,1,1		
hufa001	5,1,1	5,1,1	5,1,1	5,1,1	5,1,1	5,1,1		
hufa002	5,1,1	5,1,1	5,1,1	5,1,1	5,1,1	5,1,1		
shumiao	1,1,1	1,1,1	1,1,1	1,1,1	1,1,1	1,1,1	1,1,1	
qiaokeli	1,1,1	1,1,1	1,1,1	1,1,1	1,1,1	1,1,1	1,1,1	
xinxin	1,1,1	1,1,1	1,1,1	1,1,1	1,1,1	1,1,1	1,1,1	
meigui	1,1,1	1,1,1	1,1,1	1,1,1	1,1,1	1,1,1	1,1,1	
ani170	56,8,1	56,8,1	56,8,1	56,8,1	56,8,1	56,8,1		
zhexing	8,1,1	8,1,1	8,1,1	8,1,1	8,1,1	8,1,1		
fengxi	8,1,1	8,1,1	8,1,1	8,1,1	8,1,1	8,1,1		
bianshen001	1,1,1	1,1,1	1,1,1	1,1,1	1,1,1	1,1,1		
bianshen002	1,1,1	1,1,1	1,1,1	1,1,1	1,1,1	1,1,1		
bianshen003	1,1,1	1,1,1	1,1,1	1,1,1	1,1,1	1,1,1		
bianshen004	1,1,1	1,1,1	1,1,1	1,1,1	1,1,1	1,1,1		
bianshen005	1,1,1	1,1,1	1,1,1	1,1,1	1,1,1	1,1,1		
bianshen006	1,1,1	1,1,1	1,1,1	1,1,1	1,1,1	1,1,1		
fazhen004	31,1,1	31,1,1	31,1,1	31,1,1	31,1,1	31,1,1		
fazhen003	1,1,1	1,1,1	1,1,1	1,1,1	1,1,1	1,1,1		
building003_1	1,1,1	1,1,1	1,1,1	1,1,1	1,1,1	1,1,1		
mingyi	40,8,1	40,8,1	40,8,1	88,8,1	88,8,1	40,8,1		
qingtianzy	1,1,1	1,1,1	1,1,1	1,1,1	1,1,1	1,1,1		
qingtiankz	1,1,1	1,1,1	1,1,1	1,1,1	1,1,1	1,1,1		
building002_st2	1,1,1	1,1,1	1,1,1	1,1,1	1,1,1	1,1,1		
building002_st	1,1,1	1,1,1	1,1,1	1,1,1	1,1,1	1,1,1		
moqi	11,1,1	11,1,1	11,1,1	11,1,1	11,1,1	11,1,1		
xianqi	11,1,1	11,1,1	11,1,1	11,1,1	11,1,1	11,1,1		
danfang	1,1,1	1,1,1	1,1,1	1,1,1	1,1,1	1,1,1		
fazhen005	1,1,1	1,1,1	1,1,1	1,1,1	1,1,1	1,1,1		
雪堆	1,1,1	1,1,1	1,1,1	1,1,1	1,1,1	1,1,1		
building038	1,1,1	1,1,1	1,1,1	1,1,1	1,1,1	1,1,1		
building039	1,1,1	1,1,1	1,1,1	1,1,1	1,1,1	1,1,1		
雷电封印	6,1,10	6,1,10	6,1,10	6,1,10	6,1,10	6,1,10		
xia007	64,8,1	64,8,1	64,8,1	64,8,1	64,8,1	64,8,1		
xia008	64,8,1	64,8,1	64,8,1	64,8,1	64,8,1	64,8,1		
NpcS_passerby212	6,1,1	6,1,1	6,1,1	6,1,1	6,1,1	6,1,1		
NpcS_passerby213	6,1,1	6,1,1	6,1,1	6,1,1	6,1,1	6,1,1		
NpcS_passerby214	6,1,1	6,1,1	6,1,1	6,1,1	6,1,1	6,1,1		
NpcS_passerby215	6,1,1	6,1,1	6,1,1	6,1,1	6,1,1	6,1,1		
NpcS_passerby216	6,1,1	6,1,1	6,1,1	6,1,1	6,1,1	6,1,1		
NpcS_passerby217	6,1,1	6,1,1	6,1,1	6,1,1	6,1,1	6,1,1		
NpcS_passerby212	6,1,1	6,1,1	6,1,1	6,1,1	6,1,1	6,1,1		
NpcS_passerby213	6,1,1	6,1,1	6,1,1	6,1,1	6,1,1	6,1,1		
NpcS_passerby214	6,1,1	6,1,1	6,1,1	6,1,1	6,1,1	6,1,1		
NpcS_passerby215	6,1,1	6,1,1	6,1,1	6,1,1	6,1,1	6,1,1		
NpcS_passerby216	6,1,1	6,1,1	6,1,1	6,1,1	6,1,1	6,1,1		
NpcS_passerby217	6,1,1	6,1,1	6,1,1	6,1,1	6,1,1	6,1,1		
passerby220	30,1,1	30,1,1	30,1,1	30,1,1	30,1,1	30,1,1		
passerby221	30,1,1	30,1,1	30,1,1	30,1,1	30,1,1	30,1,1		
passerby222	30,1,1	30,1,1	30,1,1	30,1,1	30,1,1	30,1,1		
passerby223	30,1,1	30,1,1	30,1,1	30,1,1	30,1,1	30,1,1		
龙公竹1	11,1,1	11,1,1	11,1,1	11,1,1	11,1,1	11,1,1		
daniao	40,8,1	40,8,1	40,8,1	88,8,1	88,8,1	40,8,1		
jimeng	80,8,100	80,8,100	80,8,100	80,8,100	80,8,100	80,8,100		
shanyou	80,8,100	80,8,100	80,8,100	80,8,100	80,8,100	80,8,100		
lilingshi	80,8,100	80,8,100	80,8,100	80,8,100	80,8,100	80,8,100		
chenghuang	88,8,100	88,8,100	88,8,100	88,8,100	88,8,100	88,8,100		
passerby224	1,1,1	1,1,1	1,1,1	1,1,1	1,1,1	1,1,1		
passerby225	1,1,1	1,1,1	1,1,1	1,1,1	1,1,1	1,1,1		
passerby226	1,1,1	1,1,1	1,1,1	1,1,1	1,1,1	1,1,1		
passerby227	1,1,1	1,1,1	1,1,1	1,1,1	1,1,1	1,1,1		
passerby228	6,1,1	6,1,1	6,1,1	6,1,1	6,1,1	6,1,1		
passerby229	40,8,1	40,8,1	40,8,1	88,8,1	40,8,1	40,8,1		
passerby230	6,1,1	6,1,1	6,1,1	6,1,1	6,1,1	6,1,1		
passerby231	6,1,1	6,1,1	6,1,1	6,1,1	6,1,1	6,1,1		
passerby232	6,1,1	6,1,1	6,1,1	6,1,1	6,1,1	6,1,1		
passerby233	6,1,1	6,1,1	6,1,1	6,1,1	6,1,1	6,1,1		
passerby234	6,1,1	6,1,1	6,1,1	6,1,1	6,1,1	6,1,1		
passerby235	6,1,1	6,1,1	6,1,1	6,1,1	6,1,1	6,1,1		
passerby236	6,1,1	6,1,1	6,1,1	6,1,1	6,1,1	6,1,1		
白虎雕像	4,1,1	4,1,1	4,1,1	4,1,1	4,1,1	4,1,1		
玄虎雕像	4,1,1	4,1,1	4,1,1	4,1,1	4,1,1	4,1,1		
鹿神站立	40,8,1	40,8,1	40,8,1	40,8,1	40,8,1	40,8,1		
ani171	72,8,1	72,8,1	72,8,1	72,8,1	56,8,1	40,8,1		
material016	12,1,1	12,1,1	12,1,1	12,1,1	12,1,1	12,1,1		
stone	1,1,1	1,1,1	1,1,1	1,1,1	1,1,1	1,1,1		
quanshui	2,1,1	2,1,1	2,1,1	2,1,1	2,1,1	2,1,1		
guangqiu	8,1,1	8,1,1	8,1,1	8,1,1	8,1,1	8,1,1		
hanlongfan	1,1,1	1,1,1	1,1,1	1,1,1	1,1,1	1,1,1		
shanshen	80,8,100	80,8,100	80,8,100	80,8,100	80,8,100	80,8,100		
xia010	40,8,1	40,8,1	40,8,1	88,8,1	88,8,1	40,8,1		
xia011	72,8,1	8,8,1	72,8,1	88,8,1	80,8,1	48,8,1		
fen1	1,1,1	1,1,1	1,1,1	1,1,1	1,1,1	1,1,1		
fen2	1,1,1	1,1,1	1,1,1	1,1,1	1,1,1	1,1,1		
zhangpeng	1,1,1	1,1,1	1,1,1	1,1,1	1,1,1	1,1,1		
suipian01	8,1,1	8,1,1	8,1,1	8,1,1	8,1,1	8,1,1		
suipian02	7,1,1	7,1,1	7,1,1	7,1,1	7,1,1	7,1,1		
suipian03	7,1,1	7,1,1	7,1,1	7,1,1	7,1,1	7,1,1		
suipian04	7,1,1	7,1,1	7,1,1	7,1,1	7,1,1	7,1,1		
suipian05	7,1,1	7,1,1	7,1,1	7,1,1	7,1,1	7,1,1		
图腾灭	1,1,1	1,1,1	1,1,1	1,1,1	1,1,1	1,1,1		
连理树	1,1,1	1,1,1	1,1,1	1,1,1	1,1,1	1,1,1		
flower	1,1,1	1,1,1	1,1,1	1,1,1	1,1,1	1,1,1		
周年图腾1	1,1,1	1,1,1	1,1,1	1,1,1	1,1,1	1,1,1		
周年图腾2	1,1,1	1,1,1	1,1,1	1,1,1	1,1,1	1,1,1		
八卦图腾-天	1,1,1	1,1,1	1,1,1	1,1,1	1,1,1	1,1,1		
八卦图腾-地	1,1,1	1,1,1	1,1,1	1,1,1	1,1,1	1,1,1		
八卦图腾-火	1,1,1	1,1,1	1,1,1	1,1,1	1,1,1	1,1,1		
八卦图腾-风	1,1,1	1,1,1	1,1,1	1,1,1	1,1,1	1,1,1		
八卦图腾-水	1,1,1	1,1,1	1,1,1	1,1,1	1,1,1	1,1,1		
八卦图腾-山	1,1,1	1,1,1	1,1,1	1,1,1	1,1,1	1,1,1		
八卦图腾-泽	1,1,1	1,1,1	1,1,1	1,1,1	1,1,1	1,1,1		
八卦图腾-雷	1,1,1	1,1,1	1,1,1	1,1,1	1,1,1	1,1,1		
大树	1,1,1	1,1,1	1,1,1	1,1,1	1,1,1	1,1,1		
枯树	1,1,1	1,1,1	1,1,1	1,1,1	1,1,1	1,1,1		
绿树	1,1,1	1,1,1	1,1,1	1,1,1	1,1,1	1,1,1		
shuhun	80,8,60	80,8,60	80,8,60	80,8,60	80,8,60	80,8,60		1,1,1
眼睛魔	1,1,1	1,1,1	1,1,1	1,1,1	1,1,1	1,1,1		
眼睛仙	1,1,1	1,1,1	1,1,1	1,1,1	1,1,1	1,1,1		
百合obj	14,1,80	14,1,80	14,1,80	14,1,80	14,1,80	14,1,80		
龙墩	10,1,60	10,1,60	10,1,60	10,1,60	10,1,60	10,1,60		
国庆花坛	1,1,1	1,1,1	1,1,1	1,1,1	1,1,1	1,1,1		
月宫月饼	1,1,1	1,1,1	1,1,1	1,1,1	1,1,1	1,1,1		
fbboss	80,8,1	80,8,1	80,8,1	80,8,1	80,8,1	80,8,1	1,1,1	1,1,1
fbboss1	88,8,1	88,8,1	88,8,1	88,8,1	88,8,1	88,8,1	1,1,1	1,1,1
fbboss2	88,8,1	88,8,1	88,8,1	88,8,1	88,8,1	88,8,1	1,1,1	1,1,1
fbboss3	80,8,1	80,8,1	80,8,1	80,8,1	80,8,1	80,8,1	1,1,1	1,1,1
fbboss4	80,8,1	80,8,1	80,8,1	80,8,1	80,8,1	80,8,1	1,1,1	1,1,1
fbboss5	80,8,1	80,8,1	80,8,1	80,8,1	80,8,1	80,8,1	1,1,1	1,1,1
fbboss6	80,8,1	80,8,1	80,8,1	80,8,1	80,8,1	80,8,1	1,1,1	1,1,1
fbboss7	80,8,1	80,8,1	80,8,1	80,8,1	80,8,1	80,8,1	1,1,1	1,1,1
guangqiang1	30,1,1	30,1,1	30,1,1	30,1,1	30,1,1	30,1,1		
guangqiang2	30,1,1	30,1,1	30,1,1	30,1,1	30,1,1	30,1,1		
fengqing	14,1,1	14,1,1	14,1,1	14,1,1	14,1,1	14,1,1		
xuangfeng	14,1,1	14,1,1	14,1,1	14,1,1	14,1,1	14,1,1		
suolian1	1,1,1	1,1,1	1,1,1	1,1,1	1,1,1	1,1,1		
suolian2	1,1,1	1,1,1	1,1,1	1,1,1	1,1,1	1,1,1		
petnew01	88,8,1	88,8,1	88,8,1	88,8,1	64,8,1	88,8,1		
petnew02	88,8,1	88,8,1	88,8,1	88,8,1	64,8,1	88,8,1		
petnew03	88,8,1	88,8,1	88,8,1	88,8,1	88,8,1	88,8,1		
petnew04	88,8,1	88,8,1	88,8,1	88,8,1	88,8,1	88,8,1		
petnew05	80,8,1	104,8,1	80,8,1	104,8,1	104,8,1	152,8,1		
petnew06	80,8,1	104,8,1	80,8,1	104,8,1	104,8,1	152,8,1		
petnew07	64,8,1	64,8,1	64,8,1	64,8,1	64,8,1	64,8,1		
petnew08	64,8,1	64,8,1	64,8,1	64,8,1	64,8,1	64,8,1		
hongfan	11,1,1	11,1,1	11,1,1	11,1,1	11,1,1	11,1,1		
tianfan	11,1,1	11,1,1	11,1,1	11,1,1	11,1,1	11,1,1		
difan	11,1,1	11,1,1	11,1,1	11,1,1	11,1,1	11,1,1		
renfan	11,1,1	11,1,1	11,1,1	11,1,1	11,1,1	11,1,1		
juedishu	80,8,1	80,8,1	80,8,1	80,8,1	80,8,1	80,8,1		
renshenjin	72,8,1	72,8,1	72,8,1	96,8,1	96,8,1	72,8,1		
haozhulaodie	88,8,1	88,8,1	88,8,1	88,8,1	88,8,1	88,8,1		
xiaohaozhu	88,8,1	88,8,1	88,8,1	88,8,1	88,8,1	88,8,1		
yuwong	8,8,1	8,8,1	8,8,1	8,8,1	124,8,100	8,8,1		
honghuang	88,8,100	88,8,100	88,8,100	88,8,100	88,8,100	88,8,80		
nvchou	40,8,100	40,8,100	40,8,100	80,8,80	112,8,60	40,8,100		
tianlu	56,8,100	56,8,100	56,8,100	88,8,60	96,8,60	56,8,100		
pixiu	80,8,100	80,8,100	80,8,100	64,8,100	64,8,100	80,8,50		
tian1	1,1,1	1,1,1	1,1,1	1,1,1	1,1,1	1,1,1		
tian2	1,1,1	1,1,1	1,1,1	1,1,1	1,1,1	1,1,1		
tian3	1,1,1	1,1,1	1,1,1	1,1,1	1,1,1	1,1,1		
tian4	1,1,1	1,1,1	1,1,1	1,1,1	1,1,1	1,1,1		
tian5	1,1,1	1,1,1	1,1,1	1,1,1	1,1,1	1,1,1		
tian6	1,1,1	1,1,1	1,1,1	1,1,1	1,1,1	1,1,1		
tian7	1,1,1	1,1,1	1,1,1	1,1,1	1,1,1	1,1,1		
新传送	20,1,100	20,1,100	20,1,100	20,1,100	20,1,100	20,1,100		
烁金矿	4,1,100	4,1,100	4,1,100	4,1,100	4,1,100	4,1,100		
郁木矿	4,1,100	4,1,100	4,1,100	4,1,100	4,1,100	4,1,100		
善水矿	4,1,100	4,1,100	4,1,100	4,1,100	4,1,100	4,1,100		
赤火矿	4,1,100	4,1,100	4,1,100	4,1,100	4,1,100	4,1,100		
瑰土矿	4,1,100	4,1,100	4,1,100	4,1,100	4,1,100	4,1,100		
雏菊	4,1,100	4,1,100	4,1,100	4,1,100	4,1,100	4,1,100		
九花塔	1,1,1	1,1,1	1,1,1	1,1,1	1,1,1	1,1,1		
焚火图腾	10,1,1	10,1,1	10,1,1	10,1,1	10,1,1	10,1,1		
彩云令	13,1,45	13,1,45	13,1,45	13,1,45	13,1,45	13,1,45		
陷阱	17,1,90	17,1,90	17,1,90	17,1,90	17,1,90	17,1,90		
拒马	1,1,1	1,1,1	1,1,1	1,1,1	1,1,1	1,1,1		
急急如律令	8,1,110	8,1,110	8,1,110	8,1,110	8,1,110	8,1,110		
冰封巨鸟	1,1,1	1,1,1	1,1,1	1,1,1	1,1,1	1,1,1		
熄灭的篝火	1,1,1	1,1,1	1,1,1	1,1,1	1,1,1	1,1,1		
燃烧的火堆	5,1,50	5,1,50	5,1,50	5,1,50	5,1,50	5,1,50		
精卫	48,8,100	48,8,100	48,8,100	88,8,100	88,8,100	40,8,100		
守护神白	40,8,80	40,8,80	40,8,80	40,8,80	80,8,80	40,8,80		
守护神蓝	40,8,80	40,8,80	40,8,80	40,8,80	80,8,80	40,8,80		
守护神绿	40,8,80	40,8,80	40,8,80	40,8,80	80,8,80	40,8,80		
守护神金	40,8,80	40,8,80	40,8,80	40,8,80	80,8,80	40,8,80		
守护神红	40,8,80	40,8,80	40,8,80	40,8,80	80,8,80	40,8,80		
kuafum01	40,8,100	8,8,100	40,8,100	88,8,100	88,8,100	40,8,100		1,1,1
kuafum02	40,8,100		40,8,100	88,8,100	88,8,100	40,8,100		1,1,1
kuafum03	48,8,100	8,8,100	48,8,100	96,8,100	96,8,100	48,8,100		1,1,1
kuafum04	48,8,100		48,8,100	88,8,100	96,8,100	40,8,100		1,1,1
kuafum11	48,8,100	8,8,625	48,8,100	96,8,100	96,8,100	49,8,100		1,1,1
kuafum12	104,8,100		104,8,100	104,8,100	104,8,100	104,8,100		1,1,1
kuafum13	48,8,100	8,8,625	48,8,100	96,8,100	96,8,100	48,8,100		1,1,1
kuafum14	104,8,100		104,8,100	104,8,100	104,8,100	104,8,100		1,1,1
kuafum21	88,8,100	8,8,100	88,8,100	80,8,100	98,8,100	88,8,100		1,1,1
kuafum22	88,8,100		88,8,100	88,8,100	88,8,100	88,8,100		1,1,1
kuafum23	88,8,100	8,8,100	88,8,100	80,8,100	88,8,100	88,8,100		1,1,1
kuafum24	88,8,100		88,8,100	88,8,100	88,8,100	88,8,100		1,1,1
kuafuw01	48,8,100	8,8,100	48,8,100	88,8,100	88,8,100	48,8,100		1,1,1
kuafuw02	40,8,100		40,8,100	88,8,100	88,8,100	40,8,100		1,1,1
kuafuw03	56,8,100	8,8,100	56,8,100	96,8,100	96,8,100	56,8,100		1,1,1
kuafuw04	48,8,100		48,8,100	88,8,100	96,8,100	48,8,100		1,1,1
kuafuw11	48,8,100	8,8,625	48,8,100	96,8,100	96,8,100	48,8,100		1,1,1
kuafuw12	104,8,100		104,8,100	104,8,100	104,8,100	104,8,100		1,1,1
kuafuw13	48,8,100	8,8,625	48,8,100	96,8,100	96,8,100	48,8,100		1,1,1
kuafuw14	104,8,100		104,8,100	104,8,100	104,8,100	104,8,100		1,1,1
kuafuw21	88,8,100	8,8,100	88,8,100	80,8,100	98,8,100	88,8,100		1,1,1
kuafuw22	88,8,100		88,8,100	88,8,100	88,8,100	88,8,100		1,1,1
kuafuw23	88,8,100	8,8,100	88,8,100	80,8,100	88,8,100	88,8,100		1,1,1
kuafuw24	88,8,100		88,8,100	88,8,100	88,8,100	88,8,100		1,1,1
火图腾	1,1,1	1,1,1	1,1,1	1,1,1	1,1,1	1,1,1		
冰图腾	1,1,1	1,1,1	1,1,1	1,1,1	1,1,1	1,1,1		
土图腾	1,1,1	1,1,1	1,1,1	1,1,1	1,1,1	1,1,1		
雷图腾	1,1,1	1,1,1	1,1,1	1,1,1	1,1,1	1,1,1		
光阴	5,1,100	5,1,100	5,1,100	5,1,100	5,1,100	5,1,100		
金山年庆图腾	1,1,1	1,1,1	1,1,1	1,1,1	1,1,1	1,1,1		
烁金矿小	4,1,100	4,1,100	4,1,100	4,1,100	4,1,100	4,1,100		
郁木矿小	5,1,100	5,1,100	5,1,100	5,1,100	5,1,100	5,1,100		
善水矿小	3,1,100	3,1,100	3,1,100	3,1,100	3,1,100	3,1,100		
赤火矿小	3,1,100	3,1,100	3,1,100	3,1,100	3,1,100	3,1,100		
瑰土矿小	3,1,100	3,1,100	3,1,100	3,1,100	3,1,100	3,1,100		
战旗基座	1,1,1	1,1,1	1,1,1	1,1,1	1,1,1	1,1,1		
氏族战旗	1,1,1	1,1,1	1,1,1	1,1,1	1,1,1	1,1,1		
洞天神碑	1,1,1	1,1,1	1,1,1	1,1,1	1,1,1	1,1,1		
少阳阵	5,1,100	5,1,100	5,1,100	5,1,100	5,1,100	5,1,100		
少阴阵	5,1,100	5,1,100	5,1,100	5,1,100	5,1,100	5,1,100		
太阳阵	4,1,100	4,1,100	4,1,100	4,1,100	4,1,100	4,1,100		
太阴阵	4,1,100	4,1,100	4,1,100	4,1,100	4,1,100	4,1,100		
两仪阵	4,1,100	4,1,100	4,1,100	4,1,100	4,1,100	4,1,100		
氏族任务1图腾残骸	1,1,1	1,1,1	1,1,1	1,1,1	1,1,1	1,1,1		
氏族任务1图腾完成形态	1,1,1	1,1,1	1,1,1	1,1,1	1,1,1	1,1,1		
氏族任务1图腾未完成形态	1,1,1	1,1,1	1,1,1	1,1,1	1,1,1	1,1,1		
少阳阵小	9,1,100	9,1,100	9,1,100	9,1,100	9,1,100	9,1,100		
少阴阵小	9,1,100	9,1,100	9,1,100	9,1,100	9,1,100	9,1,100		
太阳阵小	8,1,120	8,1,120	8,1,120	8,1,120	8,1,120	8,1,120		
太阴阵小	10,1,100	10,1,100	10,1,100	10,1,100	10,1,100	10,1,100		
两仪阵小	8,1,100	8,1,100	8,1,100	8,1,100	8,1,100	8,1,100		
氏族战旗破损	1,1,1	1,1,1	1,1,1	1,1,1	1,1,1	1,1,1		
洞天神碑破损	1,1,1	1,1,1	1,1,1	1,1,1	1,1,1	1,1,1		
机关鹊奔跑1	48,8,100	48,8,100	48,8,100	88,8,100	88,8,100	40,8,100		
机关鹊奔跑2	48,8,100	48,8,100	48,8,100	88,8,100	88,8,100	40,8,100		
机关鹊奔跑3	48,8,100	48,8,100	48,8,100	88,8,100	88,8,100	40,8,100		
机关鹊奔跑4	48,8,100	48,8,100	48,8,100	88,8,100	88,8,100	40,8,100		
机关鹊奔跑5	48,8,100	48,8,100	48,8,100	88,8,100	88,8,100	40,8,100		
机关鹊奔跑6	48,8,100	48,8,100	48,8,100	88,8,100	88,8,100	40,8,100		
骑马	48,8,100	48,8,100	48,8,100	72,8,100	72,8,100	72,8,100		
骑马高级	48,8,100	48,8,100	48,8,100	72,8,100	72,8,100	72,8,100		
四人花轿	96,8,100	96,8,100	96,8,100	96,8,100	96,8,100	96,8,100		
八人花轿	96,8,100	96,8,100	96,8,100	96,8,100	96,8,100	96,8,100		
新郎	72,8,100	72,8,100	72,8,100	104,8,100	104,8,100	104,8,100		
新娘	104,8,100	104,8,100	104,8,100	104,8,100	104,8,100	104,8,100		
连理树	1,1,1	1,1,1	1,1,1	1,1,1	1,1,1	1,1,1		
高级连理树	1,1,1	1,1,1	1,1,1	1,1,1	1,1,1	1,1,1		
牡丹	1,1,1	1,1,1	1,1,1	1,1,1	1,1,1	1,1,1		
百合	1,1,1	1,1,1	1,1,1	1,1,1	1,1,1	1,1,1		
茉莉	1,1,1	1,1,1	1,1,1	1,1,1	1,1,1	1,1,1		
玉兰	1,1,1	1,1,1	1,1,1	1,1,1	1,1,1	1,1,1		
抱新娘	96,8,100	96,8,100	96,8,100	96,8,100	96,8,100	96,8,100		
灯笼	20,1,1	20,1,1	20,1,1	20,1,1	20,1,1	20,1,1		
投石车左一	21,1,40	21,1,40	21,1,40	21,1,40	21,1,40	21,1,40		
投石车右一	21,1,40	21,1,40	21,1,40	21,1,40	21,1,40	21,1,40		
投石车左二	21,1,40	21,1,40	21,1,40	21,1,40	21,1,40	21,1,40		
投石车右二	21,1,40	21,1,40	21,1,40	21,1,40	21,1,40	21,1,40		
指南车一	88,8,80	88,8,80	88,8,80	88,8,80	44,8,100	88,8,80		
指南车二	88,8,80	88,8,80	88,8,80	88,8,80	44,8,100	88,8,80		
王者雕像	1,1,1	1,1,1	1,1,1	1,1,1	1,1,1	1,1,1		
少阳阵大	9,1,100	9,1,100	9,1,100	9,1,100	9,1,100	9,1,100		
少阴阵大	9,1,100	9,1,100	9,1,100	9,1,100	9,1,100	9,1,100		
太阳阵大	8,1,120	8,1,120	8,1,120	8,1,120	8,1,120	8,1,120		
太阴阵大	10,1,100	10,1,100	10,1,100	10,1,100	10,1,100	10,1,100		
两仪阵大	8,1,100	8,1,100	8,1,100	8,1,100	8,1,100	8,1,100		
xueren0	1,1,1	1,1,1	1,1,1	1,1,1	1,1,1	1,1,1		
xueren1	1,1,1	1,1,1	1,1,1	1,1,1	1,1,1	1,1,1		
xueren2	1,1,1	1,1,1	1,1,1	1,1,1	1,1,1	1,1,1		
xueren3	1,1,1	1,1,1	1,1,1	1,1,1	1,1,1	1,1,1		
祈福牌楼	1,1,1	1,1,1	1,1,1	1,1,1	1,1,1	1,1,1		
国庆日图腾基座	1,1,1	1,1,1	1,1,1	1,1,1	1,1,1	1,1,1		
国庆日黑铁图腾	1,1,1	1,1,1	1,1,1	1,1,1	1,1,1	1,1,1		
国庆日青铜图腾	1,1,1	1,1,1	1,1,1	1,1,1	1,1,1	1,1,1		
国庆日白银图腾	1,1,1	1,1,1	1,1,1	1,1,1	1,1,1	1,1,1		
国庆日黄金图腾	1,1,1	1,1,1	1,1,1	1,1,1	1,1,1	1,1,1		
国庆日碧玉图腾	1,1,1	1,1,1	1,1,1	1,1,1	1,1,1	1,1,1		
fbboss8	88,8,1	88,8,1	88,8,1	88,8,1	88,8,1	88,8,1	1,1,1	1,1,1
阻挡1	1,1,1	1,1,1	1,1,1	1,1,1	1,1,1	1,1,1		
阻挡2	1,1,1	1,1,1	1,1,1	1,1,1	1,1,1	1,1,1		
yincang	1,1,1	1,1,1	1,1,1	1,1,1	1,1,1	1,1,1		
王者雕像1	1,1,1	1,1,1	1,1,1	1,1,1	1,1,1	1,1,1		
龙血灵芝	1,1,1	1,1,1	1,1,1	1,1,1	1,1,1	1,1,1		
金镜北	1,1,1	1,1,1	1,1,1	1,1,1	1,1,1	1,1,1		
金镜南	1,1,1	1,1,1	1,1,1	1,1,1	1,1,1	1,1,1		
金镜东	1,1,1	1,1,1	1,1,1	1,1,1	1,1,1	1,1,1		
金镜西	1,1,1	1,1,1	1,1,1	1,1,1	1,1,1	1,1,1		
金镜东北	1,1,1	1,1,1	1,1,1	1,1,1	1,1,1	1,1,1		
金镜西北	1,1,1	1,1,1	1,1,1	1,1,1	1,1,1	1,1,1		
金镜东南	1,1,1	1,1,1	1,1,1	1,1,1	1,1,1	1,1,1		
金镜西南	1,1,1	1,1,1	1,1,1	1,1,1	1,1,1	1,1,1		
光桥	1,1,1	1,1,1	1,1,1	1,1,1	1,1,1	1,1,1		
红鬼	48,8,1	48,8,1	48,8,1					
绿鬼	56,8,1	56,8,1	56,8,1					
蓝鬼	48,8,1	48,8,1	48,8,1					
师门矿产	1,1,1	1,1,1	1,1,1	1,1,1	1,1,1	1,1,1		
大锅	30,1,60	30,1,60	30,1,60	30,1,60	30,1,60	30,1,60		
鞭炮1	1,1,1	1,1,1	1,1,1	1,1,1	1,1,1	1,1,1		
许愿树	10,1,80	10,1,80	10,1,80	10,1,80	10,1,80	10,1,80		
常青树苗	1,1,1	1,1,1	1,1,1	1,1,1	1,1,1	1,1,1		
常青树	1,1,1	1,1,1	1,1,1	1,1,1	1,1,1	1,1,1		
万年常青树	1,1,1	1,1,1	1,1,1	1,1,1	1,1,1	1,1,1		
火墙1	12,1,1	12,1,1	12,1,1	12,1,1	12,1,1	12,1,1		
火墙2	12,1,1	12,1,1	12,1,1	12,1,1	12,1,1	12,1,1		
红水葫芦	1,1,1	1,1,1	1,1,1	1,1,1	1,1,1	1,1,1		
赤浪	11,1,1	11,1,1	11,1,1	11,1,1	11,1,1	11,1,1		
句芒神	48,8,100	48,8,100	48,8,100	48,8,100	48,8,100	48,8,100		
司文郎	48,8,1	48,8,1	48,8,1	48,8,1	48,8,1	48,8,1		
七彩花篮	1,1,1	1,1,1	1,1,1	1,1,1	1,1,1	1,1,1		
花苗	1,1,1	1,1,1	1,1,1	1,1,1	1,1,1	1,1,1		
天堂鸟	1,1,1	1,1,1	1,1,1	1,1,1	1,1,1	1,1,1		
蓝色妖姬	1,1,1	1,1,1	1,1,1	1,1,1	1,1,1	1,1,1		
武林图腾	1,1,1	1,1,1	1,1,1					
空花篮	1,1,1	1,1,1	1,1,1	1,1,1	1,1,1	1,1,1		
满花篮	1,1,1	1,1,1	1,1,1	1,1,1	1,1,1	1,1,1		
闪光花篮	10,1,1	10,1,1	10,1,1	10,1,1	10,1,1	10,1,1		
中秋兔子（跑动）	40,8,100	56,8,100	40,8,100	56,8,100	56,8,100	56,8,100		1,1,1
中秋兔子（对话）	40,8,100	56,8,100	40,8,100	56,8,100	56,8,100	56,8,100		1,1,1
武王	5,1,300	5,1,300	5,1,300	5,1,300	5,1,300	5,1,300	1,1,1	1,1,1
红砂阵灵	56,8,1	56,8,1	56,8,1	56,8,1	56,8,1	56,8,1		1,1,1
红砂箭	16,16,1	16,16,1	16,16,1	16,16,1	16,16,1	16,16,1	1,1,1	1,1,1
沙球	64,16,4	64,16,4	64,16,4	64,16,4	64,16,4	64,16,4	1,1,1	1,1,1
沙土监牢	1,1,1	1,1,1	1,1,1	1,1,1	1,1,1	1,1,1	1,1,1	1,1,1
雕像右上	1,1,1	1,1,1	1,1,1	1,1,1	1,1,1	1,1,1	1,1,1	
雕像右下	1,1,1	1,1,1	1,1,1	1,1,1	1,1,1	1,1,1	1,1,1	
雕像左下	1,1,1	1,1,1	1,1,1	1,1,1	1,1,1	1,1,1	1,1,1	
雕像左上	1,1,1	1,1,1	1,1,1	1,1,1	1,1,1	1,1,1	1,1,1	
火墙3	12,1,1	12,1,1	12,1,1	12,1,1	12,1,1	12,1,1	12,1,1	
火墙4	12,1,1	12,1,1	12,1,1	12,1,1	12,1,1	12,1,1	12,1,1	
采集点	1,1,1	1,1,1	1,1,1	1,1,1	1,1,1	1,1,1	1,1,1	
单色神石	1,1,1	1,1,1	1,1,1	1,1,1	1,1,1	1,1,1	1,1,1	
双色神石	1,1,1	1,1,1	1,1,1	1,1,1	1,1,1	1,1,1	1,1,1	
三色神石	1,1,1	1,1,1	1,1,1	1,1,1	1,1,1	1,1,1	1,1,1	
无用顽石	1,1,1	1,1,1	1,1,1	1,1,1	1,1,1	1,1,1	1,1,1	
4周年图腾	1,1,1	1,1,1	1,1,1	1,1,1	1,1,1	1,1,1		
七彩琉璃蛋	1,1,1	1,1,1	1,1,1	1,1,1	1,1,1	1,1,1		
四不像	40,8,1	88,8,1	88,8,1	88,8,1	88,8,1	88,8,1		
红花兔子	40,8,1	64,8,1	64,8,1	64,8,1	88,8,1	64,8,1		
白兔	40,8,1	64,8,1	64,8,1	64,8,1	88,8,1	64,8,1		
玉兔	40,8,1	64,8,1	64,8,1	64,8,1	88,8,1	64,8,1		
金兔	40,8,1	64,8,1	64,8,1	64,8,1	88,8,1	64,8,1		
年兽	40,8,1	40,8,1	40,8,1	88,8,1	88,8,1	40,8,1		
游龙金凤男	40,8,100	40,8,100	40,8,100	88,8,100	88,8,100	40,8,100		
游龙金凤女	40,8,100	40,8,100	40,8,100	88,8,100	88,8,100	40,8,100		
小祥龙	40,8,1	40,8,1	40,8,1	88,8,1	88,8,1	40,8,1		
圣诞树	8,1,200	8,1,200	8,1,200	8,1,200	8,1,200	8,1,200		
小火龙	40,8,1	40,8,1	40,8,1	40,8,1	88,8,1	88,8,1		
天外飞仙男	40,8,100	8,8,100	40,8,100	88,8,100	88,8,100	40,8,100		
天外飞仙女	40,8,100	8,8,100	40,8,100	88,8,100	88,8,100	40,8,100		
烈焰熔金男	40,8,100	8,8,100	40,8,100	88,8,100	88,8,100	40,8,100		
烈焰熔金女	40,8,100	8,8,100	40,8,100	88,8,100	88,8,100	40,8,100		
九霄龙吟男	40,8,100	8,8,100	40,8,100	72,8,100	72,8,100	40,8,100		
九霄龙吟女	40,8,100	8,8,100	40,8,100	56,8,100	64,8,100	40,8,100		
青龙	40,8,1	88,8,1	40,8,1	88,8,1	88,8,1	40,8,1		
银龙	40,8,1	88,8,1	40,8,1	88,8,1	88,8,1	40,8,1		
金龙	40,8,1	88,8,1	40,8,1	88,8,1	88,8,1	40,8,1		
临风装	40,8,150	40,8,150	40,8,150	88,8,100	88,8,100	40,8,150		
桃妍装	40,8,150	40,8,150	40,8,150	88,8,100	88,8,100	40,8,150		
风涯	40,8,100	40,8,100	40,8,100	88,8,100	88,8,100	40,8,100		
幽寂	40,8,100	40,8,100	40,8,100	88,8,100	88,8,100	40,8,100		
祭渊谷传送门	10,1,100	10,1,100	10,1,100	10,1,100	10,1,100	10,1,100		
幽寂变身	40,8,100	40,8,100	40,8,100	88,8,100	88,8,100	40,8,100		
龙龟	88,8,100	88,8,100	88,8,100	88,8,100	88,8,100	88,8,100		
密道出口	1,1,1	1,1,1	1,1,1	1,1,1	1,1,1	1,1,1		
炎龙陷阱	8,1,150	8,1,150	8,1,150	8,1,150	8,1,150	8,1,150		
tuongnamgs	1,1,1	1,1,1	1,1,1	1,1,1	1,1,1	1,1,1		
tuongnamds	1,1,1	1,1,1	1,1,1	1,1,1	1,1,1	1,1,1		
tuongnamdn	1,1,1	1,1,1	1,1,1	1,1,1	1,1,1	1,1,1		
tuongnumgs	1,1,1	1,1,1	1,1,1	1,1,1	1,1,1	1,1,1		
tuongnumds	1,1,1	1,1,1	1,1,1	1,1,1	1,1,1	1,1,1		
tuongnumdn	1,1,1	1,1,1	1,1,1	1,1,1	1,1,1	1,1,1		
malehong	80,8,1	80,8,1	80,8,1	80,8,1	80,8,1	80,8,1	1,1,1	
malehai	80,8,1	80,8,1	80,8,1	80,8,1	80,8,1	80,8,1	1,1,1	
malethanh	80,8,1	80,8,1	80,8,1	80,8,1	80,8,1	80,8,1	1,1,1	
maletho	80,8,1	80,8,1	80,8,1	80,8,1	80,8,1	80,8,1	1,1,1	
ngulanphuongy	48,8,100	48,8,100	48,8,100	88,8,100	96,8,100	40,8,100		1,1,1
viemlankimbao	48,8,100	48,8,100	48,8,100	88,8,100	96,8,100	40,8,100		1,1,1
namnoel	48,8,100	48,8,100	48,8,100	88,8,100	96,8,100	40,8,100		1,1,1
nunoel	48,8,100	48,8,100	48,8,100	88,8,100	96,8,100	40,8,100		1,1,1
hongoan	64,8,1	64,8,1	64,8,1	64,8,1	64,8,1	64,8,1		
hoangphihotieu	64,8,1	64,8,1	64,8,1	64,8,1	64,8,1	64,8,1		
thaccotrung	64,8,1	64,8,1	64,8,1	64,8,1	64,8,1	64,8,1		
petdacky	64,8,1	64,8,1	64,8,1	64,8,1	64,8,1	64,8,1		
petlytinhdai	64,8,1	64,8,1	64,8,1	64,8,1	64,8,1	64,8,1		
pettuhuyen	64,8,1	64,8,1	64,8,1	64,8,1	64,8,1	64,8,1		
huyenvu	80,8,1	80,8,1	80,8,1	80,8,1	80,8,1	80,8,1	1,1,1	
nienthu	80,8,1	80,8,1	80,8,1	80,8,1	80,8,1	80,8,1	1,1,1	
tuongnamgscam	1,1,1	1,1,1	1,1,1	1,1,1	1,1,1	1,1,1		
tuongnamdscam	1,1,1	1,1,1	1,1,1	1,1,1	1,1,1	1,1,1		
tuongnamdncam	1,1,1	1,1,1	1,1,1	1,1,1	1,1,1	1,1,1		
tuongnumgscam	1,1,1	1,1,1	1,1,1	1,1,1	1,1,1	1,1,1		
tuongnumdscam	1,1,1	1,1,1	1,1,1	1,1,1	1,1,1	1,1,1		
tuongnumdncam	1,1,1	1,1,1	1,1,1	1,1,1	1,1,1	1,1,1		
tuongnamgsden	1,1,1	1,1,1	1,1,1	1,1,1	1,1,1	1,1,1		
tuongnamdsden	1,1,1	1,1,1	1,1,1	1,1,1	1,1,1	1,1,1		
tuongnamdnden	1,1,1	1,1,1	1,1,1	1,1,1	1,1,1	1,1,1		
tuongnumgsden	1,1,1	1,1,1	1,1,1	1,1,1	1,1,1	1,1,1		
tuongnumdsden	1,1,1	1,1,1	1,1,1	1,1,1	1,1,1	1,1,1		
tuongnumdnden	1,1,1	1,1,1	1,1,1	1,1,1	1,1,1	1,1,1		
petquabong	"64,8,1"	"64,8,1"	"64,8,1"	"64,8,1"	"64,8,1"	"64,8,1"		
thaihukiemlinh	80,8,1	80,8,1	80,8,1	80,8,1	80,8,1	80,8,1	1,1,1	1,1,1
bossbachho	80,8,1	80,8,1	80,8,1	80,8,1	80,8,1	80,8,1	1,1,1	1,1,1
bossthanhlong	80,8,1	80,8,1	80,8,1	80,8,1	80,8,1	80,8,1	1,1,1	1,1,1
haothienmatuong	64,8,1	64,8,1	64,8,1	64,8,1	64,8,1	64,8,1	1,1,1	1,1,1
pettucucmadong	64,8,1	64,8,1	64,8,1	64,8,1	64,8,1	64,8,1	1,1,1	1,1,1
petybattuongtruyen	64,8,1	64,8,1	64,8,1	64,8,1	64,8,1	64,8,1		
pettietgiaotinhnhue	64,8,1	64,8,1	64,8,1	64,8,1	64,8,1	64,8,1		
muaha_nam	40,8,150	40,8,150	40,8,150	88,8,100	88,8,100	40,8,150		
muaha_nu	40,8,150	40,8,150	40,8,150	88,8,100	88,8,100	40,8,150		
muathu_nam	40,8,150	40,8,150	40,8,150	88,8,100	88,8,100	40,8,150		
muathu_nu	40,8,150	40,8,150	40,8,150	88,8,100	88,8,100	40,8,150		
muadong_nam	40,8,150	40,8,150	40,8,150	88,8,100	88,8,100	40,8,150		
muadong_nu	40,8,150	40,8,150	40,8,150	88,8,100	88,8,100	40,8,150		
huyenvupet	64,8,1	64,8,1	64,8,1	64,8,1	64,8,1	64,8,1		
玄武神魂	"24,8,150"	"24,8,150"	"24,8,150"	"40,8,100"	"40,8,150"	"24,8,150"		"1,1,1"
废弃的密道	1,1,1	1,1,1	1,1,1	1,1,1	1,1,1	1,1,1		
常胜旌旗	11,1,100	11,1,100	11,1,100	11,1,100	11,1,100	11,1,100		
被斩断的旌旗	11,1,100	11,1,100	11,1,100	11,1,100	11,1,100	11,1,100		
副旗	11,1,100	11,1,100	11,1,100	11,1,100	11,1,100	11,1,100		
被斩断的副旗	11,1,100	11,1,100	11,1,100	11,1,100	11,1,100	11,1,100		
城市卫兵	32,8,100	32,8,100	32,8,100	64,8,100	64,8,100	32,8,100		
夏装男	40,8,100	40,8,100	40,8,100	88,8,100	88,8,100	40,8,100		
夏装女	40,8,100	40,8,100	40,8,100	88,8,100	88,8,100	40,8,100		
重生石	1,1,1	1,1,1	1,1,1	1,1,1	1,1,1	1,1,1		
黄兔	40,8,1	64,8,1	64,8,1	64,8,1	88,8,1	64,8,1		
吴刚	40,8,1	40,8,1	40,8,1	88,8,1	88,8,1	40,8,1		
蟠龙	40,8,1	40,8,1	40,8,1	40,8,1	40,8,1	24,8,1		
毕方	32,8,1	32,8,1	32,8,1	64,8,1	64,8,1	32,8,1		
旱魃	40,8,1	40,8,1	40,8,1	64,8,1	64,8,1	40,8,1		
黑图教众	32,8,1	32,8,1	32,8,1	80,8,1	80,8,1	40,8,1		
黑图主教	32,8,1	32,8,1	32,8,1	64,8,1	64,8,1	32,8,1		
化蛇	32,8,1	32,8,1	32,8,1	64,8,1	64,8,1	32,8,1		
火天王	40,8,150	40,8,150	40,8,150	88,8,68	88,8,68	40,8,150		
火邪	32,8,1	32,8,1	32,8,1	64,8,1	64,8,1	32,8,1		
句芒	32,8,1	32,8,1	32,8,1	80,8,1	80,8,1	40,8,1		
傀夫	32,8,1	32,8,1	32,8,1	64,8,1	64,8,1	32,8,1		
擂台套装男	40,8,180	40,8,180	40,8,180	88,8,130	88,8,130	40,8,130		
魅影红煞	32,8,1	32,8,1	32,8,1	80,8,1	80,8,1	40,8,1		
魅影雪芒	32,8,1	32,8,1	32,8,1	80,8,1	80,8,1	40,8,1		
契狂	40,8,1	40,8,1	40,8,1	88,8,1	88,8,1	40,8,1		
山晖	48,8,150	48,8,150	48,8,150	48,8,150	48,8,150	48,8,100		
太虚剑灵	32,8,70	32,8,70	32,8,70	64,8,90	64,8,90	32,8,70		
天吴	32,8,1	32,8,1	32,8,1	64,8,1	64,8,1	32,8,1		
万古熔怪	32,8,200	32,8,200	32,8,200	64,8,100	64,8,100	32,8,100		
夕潭冰魄	32,8,150	32,8,150	32,8,150	64,8,100	64,8,90	32,8,100	14,1,150	
夕潭水鬼	32,8,187	32,8,187	32,8,187	64,8,78	64,8,78	32,8,187		
夕潭水妖	32,8,156	32,8,156	32,8,156	64,8,93	64,8,93	32,8,156	14,1,150	
葬仙鬼灵	32,8,200	32,8,200	32,8,200	64,8,100	64,8,100	40,8,100		
葬仙鬼王	32,8,200	32,8,200	32,8,200	64,8,100	64,8,100	32,8,100		
葬仙怨灵	32,8,350	32,8,350	32,8,350	64,8,150	64,8,150	40,8,200		
绽晶镜像	40,8,100	40,8,100	40,8,100	80,8,62	80,8,100	40,8,100		
诸犍	32,8,100	32,8,100	32,8,100	64,8,100	64,8,100	32,8,100		
秋装男	40,8,100	40,8,100	40,8,100	88,8,100	88,8,100	40,8,100		
秋装女	40,8,100	40,8,100	40,8,100	88,8,100	88,8,100	40,8,100		
圣诞套装男	40,8,1	40,8,1	40,8,1	88,8,1	88,8,1	40,8,1		
圣诞套装女	40,8,1	40,8,1	40,8,1	88,8,1	88,8,1	40,8,1		
玄武灵宠	40,8,1	88,8,1	88,8,1	88,8,1	88,8,1	88,8,1		
年兽2014	88,8,85	88,8,85	88,8,85	88,8,70	88,8,45	88,8,85		
暮雪男	40,8,50	40,8,50	40,8,50	88,8,100	88,8,100	40,8,50		
暮雪女	40,8,80	40,8,80	40,8,80	88,8,50	88,8,80	40,8,80		
迎春殿	1,1,1		1,1,1				1,1,1	1,1,1
马上有钱	40,8,1	40,8,1	80,8,1	96,8,1	88,8,1	88,8,1		
马上有车	40,8,1	40,8,1	81,8,1	96,8,1	88,8,1	88,8,1		
马上有对象	40,8,1	40,8,1	80,8,1	96,8,1	88,8,1	88,8,1		
马上有房	40,8,1	40,8,1	80,8,1	96,8,1	88,8,1	88,8,1		
炎麟金袍	40,8,100	40,8,100	40,8,100	72,8,100	72,8,100	40,8,100		
御麟凤衣	40,8,100	40,8,100	40,8,100	72,8,100	72,8,100	40,8,100		
玄武神兽限量	40,8,1	88,8,1	88,8,1	88,8,1	88,8,1	88,8,1		
武魂	40,8,100	40,8,100	40,8,100	88,8,100	88,8,100	40,8,100		
勾陈	40,8,100	40,8,100	40,8,100	88,8,100	88,8,100	40,8,100		
封神荣耀	8,8,62	8,8,62	8,8,62	64,8,78	88,8,56	120,8,20		
玄武仙兽	40,8,1	88,8,1	88,8,1	88,8,1	88,8,1	88,8,1		
金毛虎	40,8,1	88,8,1	88,8,1	88,8,1	88,8,1	88,8,1		
白虎	40,8,1	88,8,1	88,8,1	88,8,1	88,8,1	88,8,1		
魔礼青	40,8,100	40,8,100	40,8,100	88,8,100	88,8,100	30,8,100		
魔礼海	40,8,100	40,8,100	40,8,100	88,8,100	88,8,100	40,8,100		
魔礼红	40,8,100	40,8,100	40,8,100	77,8,100	88,8,100	35,8,100		
魔礼寿	40,8,100	40,8,100	40,8,100	88,8,100	88,8,100	40,8,100		
魔将之魂	10,1,120	10,1,120	10,1,120	10,1,120	10,1,120	10,1,120		
高级粮饷车	80.8.100	80.8.100	80.8.100	96.8.100	96.8.100	96.8.100		
守炉童子	48.8.104	48.8.104	48.8.104	48.8.104	48.8.104	48.8.104		
法宝炼化炉	1,1,1	1,1,1	1,1,1	1,1,1	1,1,1	1,1,1		
勾陈灵兽蓝色	40,8,1	88,8,1	88,8,1	88,8,1	88,8,1	88,8,1		
勾陈灵兽紫色	40,8,1	88,8,1	88,8,1	88,8,1	88,8,1	88,8,1		
勾陈灵兽金色	40,8,1	88,8,1	88,8,1	88,8,1	88,8,1	88,8,1		
朱雀神兽绿色	72,8,100	72,8,100	72,8,100	72,8,100	72,8,100	72,8,100		
风卷残云金刚	40,8,180	40,8,180	40,8,180	56,8,128	56,8,128	40,8,180		1,1,1
焚火图腾强化	15,1,1	15,1,1	15,1,1	15,1,1	15,1,1	15,1,1		
玄武神魂	24,8,150	24,8,150	24,8,150	40,8,100	40,8,150	24,8,150		1,1,1
朱雀残魄分身	40,8,150	40,8,150	40,8,150	40,8,150	40,8,150	24,8,150		1,1,1
青龙试炼青龙	40,8,100	40,8,100	40,8,100	40,8,100	40,8,100	24,8,100		1,1,1
蟠龙宝箱	1,1,1	1,1,1	1,1,1	1,1,1	1,1,1	1,1,1		
胡喜媚幼体	3,1,100	3,1,100	3,1,100	3,1,100	3,1,100	3,1,100		1,1,1
胡喜媚成长	88,8,150	88,8,150	80,8,150	88,8,100	88,8,150	88,8,150		1,1,1
胡喜媚化形	88,8,100	88,8,100	72,8,100	88,8,100	88,8,100	88,8,100		1,1,1
胡喜媚大成	88,8,100	88,8,100	72,8,100	88,8,100	88,8,100	88,8,100		1,1,1
哪吒化莲	15,1,100	15,1,100	15,1,100	15,1,100	15,1,100	15,1,100		1,1,1
哪吒幼生	64,8,150	64,8,150	40,8,150	64,8,100	64,8,150	64,8,150		1,1,1
哪吒散仙	64,8,100	64,8,100	32,8,100	64,8,100	64,8,100	64,8,100		1,1,1
哪吒金仙	64,8,100	64,8,100	32,8,100	64,8,100	64,8,100	64,8,100		1,1,1
蓝色烛神	40,8,100	40,8,100	40,8,100	88,8,100	40,8,100	40,8,100		
绿色烛神	40,8,100	40,8,100	40,8,100	88,8,100	40,8,100	40,8,100		
紫色烛神	40,8,100	40,8,100	40,8,100	88,8,100	40,8,100	40,8,100		
金色烛神	40,8,100	40,8,100	40,8,100	88,8,100	40,8,100	40,8,100		
男甲雕像	1,1,1	1,1,1	1,1,1	1,1,1	1,1,1	1,1,1		
女甲雕像	1,1,1	1,1,1	1,1,1	1,1,1	1,1,1	1,1,1		
男道雕像	1,1,1	1,1,1	1,1,1	1,1,1	1,1,1	1,1,1		
女道雕像	1,1,1	1,1,1	1,1,1	1,1,1	1,1,1	1,1,1		
男异雕像	1,1,1	1,1,1	1,1,1	1,1,1	1,1,1	1,1,1		
女异雕像	1,1,1	1,1,1	1,1,1	1,1,1	1,1,1	1,1,1		
小猴子	40,8,200	40,8,200	40,8,200	96,8,200	40,8,200	40,8,200		1,1,1
雷震子幼	64,8,200	64,8,200	64,8,200	64,8,200	64,8,200	64,8,200		1,1,1
雷震子小	64,8,150	64,8,150	64,8,150	64,8,100	64,8,150	64,8,150		1,1,1
雷震子中	64,8,100	64,8,100	64,8,100	64,8,100	64,8,100	64,8,100		1,1,1
雷震子大	64,8,100	64,8,100	64,8,100	64,8,100	64,8,100	64,8,100		1,1,1
xuanwu	24,8,150	24,8,150	24,8,150	40,8,100	40,8,150	24,8,150		1,1,1
男甲雕像0级	10,1,1	10,1,1	10,1,1	10,1,1	10,1,1	10,1,1		1,1,1
女甲雕像0级	10,1,1	10,1,1	10,1,1	10,1,1	10,1,1	10,1,1		1,1,1
男道雕像0级	10,1,1	10,1,1	10,1,1	10,1,1	10,1,1	10,1,1		1,1,1
女道雕像0级	10,1,1	10,1,1	10,1,1	10,1,1	10,1,1	10,1,1		1,1,1
男异雕像0级	10,1,1	10,1,1	10,1,1	10,1,1	10,1,1	10,1,1		1,1,1
女异雕像0级	10,1,1	10,1,1	10,1,1	10,1,1	10,1,1	10,1,1		1,1,1
男甲雕像1级	1,1,1	1,1,1	1,1,1	1,1,1	1,1,1	1,1,1		1,1,1
女甲雕像1级	1,1,1	1,1,1	1,1,1	1,1,1	1,1,1	1,1,1		1,1,1
男道雕像1级	1,1,1	1,1,1	1,1,1	1,1,1	1,1,1	1,1,1		1,1,1
女道雕像1级	1,1,1	1,1,1	1,1,1	1,1,1	1,1,1	1,1,1		1,1,1
男异雕像1级	1,1,1	1,1,1	1,1,1	1,1,1	1,1,1	1,1,1		1,1,1
女异雕像1级	1,1,1	1,1,1	1,1,1	1,1,1	1,1,1	1,1,1		1,1,1
男甲雕像2级	1,1,1	1,1,1	1,1,1	1,1,1	1,1,1	1,1,1		1,1,1
女甲雕像2级	1,1,1	1,1,1	1,1,1	1,1,1	1,1,1	1,1,1		1,1,1
男道雕像2级	1,1,1	1,1,1	1,1,1	1,1,1	1,1,1	1,1,1		1,1,1
女道雕像2级	1,1,1	1,1,1	1,1,1	1,1,1	1,1,1	1,1,1		1,1,1
男异雕像2级	1,1,1	1,1,1	1,1,1	1,1,1	1,1,1	1,1,1		1,1,1
女异雕像2级	1,1,1	1,1,1	1,1,1	1,1,1	1,1,1	1,1,1		1,1,1
男甲雕像3级	1,1,1	1,1,1	1,1,1	1,1,1	1,1,1	1,1,1		1,1,1
女甲雕像3级	1,1,1	1,1,1	1,1,1	1,1,1	1,1,1	1,1,1		1,1,1
男道雕像3级	1,1,1	1,1,1	1,1,1	1,1,1	1,1,1	1,1,1		1,1,1
女道雕像3级	1,1,1	1,1,1	1,1,1	1,1,1	1,1,1	1,1,1		1,1,1
男异雕像3级	1,1,1	1,1,1	1,1,1	1,1,1	1,1,1	1,1,1		1,1,1
女异雕像3级	1,1,1	1,1,1	1,1,1	1,1,1	1,1,1	1,1,1		1,1,1
男甲雕像4级	20,1,1	20,1,1	20,1,1	20,1,1	20,1,1	20,1,1		1,1,1
女甲雕像4级	20,1,1	20,1,1	20,1,1	20,1,1	20,1,1	20,1,1		1,1,1
男道雕像4级	20,1,1	20,1,1	20,1,1	20,1,1	20,1,1	20,1,1		1,1,1
女道雕像4级	20,1,1	20,1,1	20,1,1	20,1,1	20,1,1	20,1,1		1,1,1
男异雕像4级	20,1,1	20,1,1	20,1,1	20,1,1	20,1,1	20,1,1		1,1,1
女异雕像4级	20,1,1	20,1,1	20,1,1	20,1,1	20,1,1	20,1,1		1,1,1
石矶幼	64,8,200	64,8,200	64,8,200	64,8,200	64,8,200	64,8,200		1,1,1
石矶小	64,8,150	64,8,150	64,8,150	64,8,100	64,8,150	64,8,150		1,1,1
石矶中	64,8,100	64,8,100	64,8,100	64,8,100	64,8,100	64,8,100		1,1,1
石矶大	64,8,100	64,8,100	64,8,100	64,8,100	64,8,100	64,8,100		1,1,1
封二NPC	88,8,80	88,8,80	88,8,80	88,8,80	88,8,80	88,8,80		1,1,1
太乙真人幼	64,8,200	64,8,200	64,8,200	64,8,200	64,8,200	64,8,200		1,1,1
太乙真人小	64,8,150	64,8,150	64,8,150	64,8,100	64,8,150	64,8,150		1,1,1
太乙真人中	64,8,100	64,8,100	64,8,100	64,8,100	64,8,100	64,8,100		1,1,1
太乙真人大	64,8,100	64,8,100	64,8,100	64,8,100	64,8,100	64,8,100		1,1,1
金仙太乙	64,8,100	64,8,100	64,8,100	64,8,100	64,8,100	64,8,100		1,1,1
妲己幼	64,8,200	64,8,200	64,8,200	64,8,200	64,8,200	64,8,200		1,1,1
妲己小	64,8,150	64,8,150	64,8,150	64,8,100	64,8,150	64,8,150		1,1,1
妲己中	64,8,100	64,8,100	64,8,100	64,8,100	64,8,100	64,8,100		1,1,1
妲己大	64,8,100	64,8,100	64,8,100	64,8,100	64,8,100	64,8,100		1,1,1
申公豹幼	64,8,200	64,8,200	64,8,200	64,8,200	64,8,200	64,8,200		1,1,1
申公豹小	64,8,150	64,8,150	64,8,150	64,8,100	64,8,150	64,8,150		1,1,1
申公豹中	64,8,100	64,8,100	64,8,100	64,8,100	64,8,100	64,8,100		1,1,1
申公豹大	64,8,100	64,8,100	64,8,100	64,8,100	64,8,100	64,8,100		1,1,1
黄飞虎幼	64,8,200	64,8,200	64,8,200	64,8,200	64,8,200	64,8,200		1,1,1
黄飞虎小	64,8,150	64,8,150	64,8,150	64,8,100	64,8,150	64,8,150		1,1,1
黄飞虎中	64,8,100	64,8,100	64,8,100	64,8,100	64,8,100	64,8,100		1,1,1
黄飞虎大	64,8,100	64,8,100	64,8,100	64,8,100	64,8,100	64,8,100		1,1,1
封三移民使者	40,8,150	40,8,150	40,8,150	40,8,150	40,8,150	40,8,150		1,1,1
金鸡胡喜媚	64,8,100	64,8,100	64,8,100	64,8,100	64,8,100	64,8,100		1,1,1
金身哪吒	64,8,100	64,8,100	64,8,100	64,8,100	64,8,100	64,8,100		1,1,1
金羽雷震子	64,8,100	64,8,100	64,8,100	64,8,100	64,8,100	64,8,100		1,1,1
金冠石矶	64,8,100	64,8,100	64,8,100	64,8,100	64,8,100	64,8,100		1,1,1
哮天犬幼	64,8,100	64,8,100	64,8,100	64,8,100	64,8,100	64,8,100		1,1,1
哮天犬小	64,8,100	64,8,100	64,8,100	64,8,100	64,8,100	64,8,100		1,1,1
哮天犬中	64,8,100	64,8,100	64,8,100	64,8,100	64,8,100	64,8,100		1,1,1
哮天犬大	64,8,100	64,8,100	64,8,100	64,8,100	64,8,100	64,8,100		1,1,1
杨戬幼	64,8,100	64,8,100	64,8,100	64,8,100	64,8,100	64,8,100		1,1,1
杨戬小	64,8,100	64,8,100	64,8,100	64,8,100	64,8,100	64,8,100		1,1,1
杨戬中	64,8,100	64,8,100	64,8,100	64,8,100	64,8,100	64,8,100		1,1,1
杨戬大	64,8,100	64,8,100	64,8,100	64,8,100	64,8,100	64,8,100		1,1,1
姜子牙幼	64,8,100	64,8,100	64,8,100	64,8,100	64,8,100	64,8,100		1,1,1
姜子牙小	64,8,100	64,8,100	64,8,100	64,8,100	64,8,100	64,8,100		1,1,1
姜子牙中	64,8,100	64,8,100	64,8,100	64,8,100	64,8,100	64,8,100		1,1,1
姜子牙大	64,8,100	64,8,100	64,8,100	64,8,100	64,8,100	64,8,100		1,1,1
李靖幼	64,8,100	64,8,100	64,8,100	64,8,100	64,8,100	64,8,100		1,1,1
李靖小	64,8,100	64,8,100	64,8,100	64,8,100	64,8,100	64,8,100		1,1,1
李靖中	64,8,100	64,8,100	64,8,100	64,8,100	64,8,100	64,8,100		1,1,1
李靖大	64,8,100	64,8,100	64,8,100	64,8,100	64,8,100	64,8,100		1,1,1
绝代双娇	64,8,100	64,8,100	64,8,100	64,8,100	64,8,100	64,8,100		1,1,1
衣钵相传	64,8,100	64,8,100	64,8,100	64,8,100	64,8,100	64,8,100		1,1,1
截教精锐	64,8,100	64,8,100	64,8,100	64,8,100	64,8,100	64,8,100		1,1,1
正义之道	64,8,100	64,8,100	64,8,100	64,8,100	64,8,100	64,8,100		1,1,1
忠犬随主	64,8,100	64,8,100	64,8,100	64,8,100	64,8,100	64,8,100		1,1,1
德高望重	64,8,100	64,8,100	64,8,100	64,8,100	64,8,100	64,8,100		1,1,1
金狐妲己	64,8,100	64,8,100	64,8,100	64,8,100	64,8,100	64,8,100		1,1,1
金豹申公豹	64,8,100	64,8,100	64,8,100	64,8,100	64,8,100	64,8,100		1,1,1
金胆黄飞虎	64,8,100	64,8,100	64,8,100	64,8,100	64,8,100	64,8,100		1,1,1
金身哮天犬	64,8,100	64,8,100	64,8,100	64,8,100	64,8,100	64,8,100		1,1,1
金神杨戬	64,8,100	64,8,100	64,8,100	64,8,100	64,8,100	64,8,100		1,1,1
金身姜子牙	64,8,100	64,8,100	64,8,100	64,8,100	64,8,100	64,8,100		1,1,1
幼年飞升胡喜媚	3,1,100	3,1,100	3,1,100	3,1,100	3,1,100	3,1,100		1,1,1
少年飞升胡喜媚	88,8,150	88,8,150	80,8,150	88,8,100	88,8,150	88,8,150		1,1,1
青年飞升胡喜媚	88,8,100	88,8,100	72,8,100	88,8,100	88,8,100	88,8,100		1,1,1
成年飞升胡喜媚	64,8,100	64,8,100	64,8,100	64,8,100	64,8,100	64,8,100		1,1,1
幼年飞升哪吒	15,1,100	15,1,100	15,1,100	15,1,100	15,1,100	15,1,100		1,1,1
少年飞升哪吒	64,8,150	64,8,150	40,8,150	64,8,100	64,8,150	64,8,150		1,1,1
青年飞升哪吒	64,8,100	64,8,100	32,8,100	64,8,100	64,8,100	64,8,100		1,1,1
成年飞升哪吒	64,8,100	64,8,100	64,8,100	64,8,100	64,8,100	64,8,100		1,1,1
幼年飞升雷震子	64,8,200	64,8,200	64,8,200	64,8,200	64,8,200	64,8,200		1,1,1
少年飞升雷震子	64,8,150	64,8,150	64,8,150	64,8,100	64,8,150	64,8,150		1,1,1
青年飞升雷震子	64,8,100	64,8,100	64,8,100	64,8,100	64,8,100	64,8,100		1,1,1
成年飞升雷震子	64,8,100	64,8,100	64,8,100	64,8,100	64,8,100	64,8,100		1,1,1
金塔李靖	64,8,200	64,8,200	64,8,200	64,8,200	64,8,200	64,8,200		1,1,1
金鸡飞升胡喜媚	64,8,150	64,8,150	64,8,150	64,8,100	64,8,150	64,8,150		1,1,1
金身飞升哪吒	64,8,100	64,8,100	64,8,100	64,8,100	64,8,100	64,8,100		1,1,1
金羽飞升雷震子	64,8,100	64,8,100	64,8,100	64,8,100	64,8,100	64,8,100		1,1,1
幼年飞升石矶	64,8,200	64,8,200	64,8,200	64,8,200	64,8,200	64,8,200		1,1,1
少年飞升石矶	64,8,150	64,8,150	64,8,150	64,8,100	64,8,150	64,8,150		1,1,1
青年飞升石矶	64,8,100	64,8,100	64,8,100	64,8,100	64,8,100	64,8,100		1,1,1
成年飞升石矶	64,8,100	64,8,100	64,8,100	64,8,100	64,8,100	64,8,100		1,1,1
幼年飞升太乙	64,8,200	64,8,200	64,8,200	64,8,200	64,8,200	64,8,200		1,1,1
少年飞升太乙	64,8,150	64,8,150	64,8,150	64,8,100	64,8,150	64,8,150		1,1,1
青年飞升太乙	64,8,100	64,8,100	64,8,100	64,8,100	64,8,100	64,8,100		1,1,1
成年飞升太乙	64,8,100	64,8,100	64,8,100	64,8,100	64,8,100	64,8,100		1,1,1
幼年飞升妲己	64,8,200	64,8,200	64,8,200	64,8,200	64,8,200	64,8,200		1,1,1
少年飞升妲己	64,8,150	64,8,150	64,8,150	64,8,100	64,8,150	64,8,150		1,1,1
青年飞升妲己	64,8,100	64,8,100	64,8,100	64,8,100	64,8,100	64,8,100		1,1,1
成年飞升妲己	64,8,100	64,8,100	64,8,100	64,8,100	64,8,100	64,8,100		1,1,1
幼年飞升申公豹	64,8,200	64,8,200	64,8,200	64,8,200	64,8,200	64,8,200		1,1,1
少年飞升申公豹	64,8,150	64,8,150	64,8,150	64,8,100	64,8,150	64,8,150		1,1,1
青年飞升申公豹	64,8,100	64,8,100	64,8,100	64,8,100	64,8,100	64,8,100		1,1,1
成年飞升申公豹	64,8,100	64,8,100	64,8,100	64,8,100	64,8,100	64,8,100		1,1,1
金冠飞升石矶	64,8,100	64,8,100	64,8,100	64,8,100	64,8,100	64,8,100		1,1,1
金仙飞升太乙	64,8,100	64,8,100	64,8,100	64,8,100	64,8,100	64,8,100		1,1,1
金狐飞升妲己	64,8,100	64,8,100	64,8,100	64,8,100	64,8,100	64,8,100		1,1,1
金豹飞升申公豹	64,8,100	64,8,100	64,8,100	64,8,100	64,8,100	64,8,100		1,1,1
幼年飞升黄飞虎	64,8,200	64,8,200	64,8,200	64,8,200	64,8,200	64,8,200		1,1,1
少年飞升黄飞虎	64,8,150	64,8,150	64,8,150	64,8,100	64,8,150	64,8,150		1,1,1
青年飞升黄飞虎	64,8,100	64,8,100	64,8,100	64,8,100	64,8,100	64,8,100		1,1,1
成年飞升黄飞虎	64,8,100	64,8,100	64,8,100	64,8,100	64,8,100	64,8,100		1,1,1
幼年飞升哮天犬	64,8,200	64,8,200	64,8,200	64,8,200	64,8,200	64,8,200		1,1,1
少年飞升哮天犬	64,8,150	64,8,150	64,8,150	64,8,100	64,8,150	64,8,150		1,1,1
青年飞升哮天犬	64,8,100	64,8,100	64,8,100	64,8,100	64,8,100	64,8,100		1,1,1
成年飞升哮天犬	64,8,100	64,8,100	64,8,100	64,8,100	64,8,100	64,8,100		1,1,1
幼年飞升杨戬	64,8,100	64,8,100	64,8,100	64,8,100	64,8,100	64,8,100		1,1,1
少年飞升杨戬	64,8,100	64,8,100	64,8,100	64,8,100	64,8,100	64,8,100		1,1,1
青年飞升杨戬	64,8,100	64,8,100	64,8,100	64,8,100	64,8,100	64,8,100		1,1,1
成年飞升杨戬	64,8,100	64,8,100	64,8,100	64,8,100	64,8,100	64,8,100		1,1,1
幼年飞升姜子牙	64,8,100	64,8,100	64,8,100	64,8,100	64,8,100	64,8,100		1,1,1
少年飞升姜子牙	64,8,100	64,8,100	64,8,100	64,8,100	64,8,100	64,8,100		1,1,1
青年飞升姜子牙	64,8,100	64,8,100	64,8,100	64,8,100	64,8,100	64,8,100		1,1,1
成年飞升姜子牙	64,8,100	64,8,100	64,8,100	64,8,100	64,8,100	64,8,100		1,1,1
金胆飞升黄飞虎	64,8,100	64,8,100	64,8,100	64,8,100	64,8,100	64,8,100		1,1,1
金身飞升哮天犬	64,8,100	64,8,100	64,8,100	64,8,100	64,8,100	64,8,100		1,1,1
金神飞升杨戬	64,8,100	64,8,100	64,8,100	64,8,100	64,8,100	64,8,100		1,1,1
金身飞升姜子牙	64,8,100	64,8,100	64,8,100	64,8,100	64,8,100	64,8,100		1,1,1
幼年飞升李靖	64,8,100	64,8,100	64,8,100	64,8,100	64,8,100	64,8,100		1,1,1
少年飞升李靖	64,8,100	64,8,100	64,8,100	64,8,100	64,8,100	64,8,100		1,1,1
青年飞升李靖	64,8,100	64,8,100	64,8,100	64,8,100	64,8,100	64,8,100		1,1,1
成年飞升李靖	64,8,100	64,8,100	64,8,100	64,8,100	64,8,100	64,8,100		1,1,1
陆压道人	64,8,100	64,8,100	64,8,100	64,8,100	64,8,100	64,8,100		1,1,1
金塔飞升李靖	64,8,100	64,8,100	64,8,100	64,8,100	64,8,100	64,8,100		1,1,1
赵公明	64,8,100	64,8,100	64,8,100	64,8,100	64,8,100	64,8,100		1,1,1
闻仲	64,8,100	64,8,100	64,8,100	64,8,100	64,8,100	64,8,100		1,1,1
地覆天翻	3,1,1	3,1,1	3,1,1	3,1,1	3,1,1	3,1,1		
勇气图腾	1,1,1	1,1,1	1,1,1					1,1,1
胜利图腾	1,1,1	1,1,1	1,1,1	1,1,1	1,1,1	1,1,1		1,1,1
worldboss	40,8,100	8,8,100	40,8,100	88,8,100	88,8,100	40,8,100		
danlu	1,1,1		1,1,1				1,1,1	1,1,1
huyanshou	2,1,18		2,1,18			2,1,18		
material006	6,1,300	6,1,300	6,1,300					1,1,1
jue_chen_gui_wang	24,8,150	24,8,150	24,8,150	32,8,150	40,8,150	24,8,150		
男羽雕像	1,1,1	1,1,1	1,1,1	1,1,1	1,1,1	1,1,1		
女羽雕像	1,1,1	1,1,1	1,1,1	1,1,1	1,1,1	1,1,1		
男羽雕像0级	10,1,1	10,1,1	10,1,1	10,1,1	10,1,1	10,1,1		1,1,1
女羽雕像0级	10,1,1	10,1,1	10,1,1	10,1,1	10,1,1	10,1,1		1,1,1
男羽雕像1级	1,1,1	1,1,1	1,1,1	1,1,1	1,1,1	1,1,1		1,1,1
女羽雕像1级	1,1,1	1,1,1	1,1,1	1,1,1	1,1,1	1,1,1		1,1,1
男羽雕像2级	1,1,1	1,1,1	1,1,1	1,1,1	1,1,1	1,1,1		1,1,1
女羽雕像2级	1,1,1	1,1,1	1,1,1	1,1,1	1,1,1	1,1,1		1,1,1
男羽雕像3级	1,1,1	1,1,1	1,1,1	1,1,1	1,1,1	1,1,1		1,1,1
女羽雕像3级	1,1,1	1,1,1	1,1,1	1,1,1	1,1,1	1,1,1		1,1,1
男羽雕像4级	20,1,1	20,1,1	20,1,1	20,1,1	20,1,1	20,1,1		1,1,1
女羽雕像4级	20,1,1	20,1,1	20,1,1	20,1,1	20,1,1	20,1,1		1,1,1
xian_jing	18,1,1	18,1,1	18,1,1					1,1,1
媚骨天成	64,8,100	64,8,100	64,8,100	64,8,100	64,8,100	64,8,100		1,1,1
石破天惊	64,8,1	64,8,1	64,8,1	64,8,1	64,8,1	64,8,1		1,1,1