[DEFAULT]
Dir1=-1,14,13,12,9,3,7,6,0,1
Dir2=-1,14,13,12,9,3,7,6,0,1
Dir3=-1,14,13,12,9,3,7,6,0,1
Dir4=-1,14,13,12,9,3,7,6,0,1
Dir5=-1,14,13,12,9,3,7,6,0,1
Dir6=-1,14,13,12,9,3,7,6,0,1
Dir7=-1,14,13,12,9,3,7,6,0,1
Dir8=-1,14,13,12,9,3,7,6,0,1
Dir9=-1,14,13,12,9,3,7,6,0,1
Dir10=-1,14,13,12,9,3,7,6,0,1
Dir11=-1,14,13,12,9,3,7,6,0,1
Dir12=-1,14,13,12,9,3,7,6,0,1
Dir13=-1,14,13,12,9,3,7,6,0,1
Dir14=-1,14,13,12,9,3,7,6,0,1
Dir15=-1,14,13,12,9,3,7,6,0,1
Dir16=-1,14,13,12,9,3,7,6,0,1
UnitNum=11
DirNum=18

[单手跑步]
Dir3=-1,13,12,6,7,3,9,0,1,
Dir5=-1,13,12,6,3,7,9,0,1,
Dir4=-1,13,12,6,7,3,9,0,1,
Dir2=-1,13,12,9,6,7,3,0,1,
Dir1=-1,13,12,9,6,7,3,0,1,
Dir8=-1,14,13,12,9,7,3,6,0,1,
Dir7=-1,14,13,12,3,7,6,9,0,1,
Dir6=-1,14,13,12,3,7,6,9,0,1,

[单手待击]
Dir5=-1,13,12,6,3,7,9,0,1,
Dir4=-1,13,12,6,7,3,9,0,1,
Dir3=-1,13,12,6,7,3,9,0,1,
Dir2=-1,13,12,6,7,3,9,0,1,
Dir1=-1,13,12,9,7,3,6,0,1,
Dir6=-1,14,13,12,3,7,6,9,0,1,
Dir8=-1,14,13,12,9,7,3,6,0,1,

[单手攻击]
Dir5=-1,13,12,6,7,3,9,0,1,
Dir4=-1,13,12,6,3,9,0,1,7,
Dir3=-1,13,12,6,7,3,9,0,1,
Dir2=-1,13,12,9,6,7,3,0,1,
Line1=49,13,12,6,3,9,0,1,7
Line2=9,14,13,12,9,7,3,6,0,1
Line3=10,14,13,12,9,7,3,6,0,1
Line4=0,14,13,12,9,7,3,6,0,1
Line5=1,14,13,12,9,7,3,6,0,1
Line6=2,14,13,12,9,7,3,6,0,1
Line7=7,14,13,12,9,7,3,6,0,1
Line8=8,14,13,12,9,7,3,6,0,1
Line9=85,14,13,12,9,7,3,6,0,1
Line10=86,14,13,12,9,7,3,6,0,1
Line11=87,14,13,12,9,7,3,6,0,1
Line12=77,14,13,12,9,7,3,6,0,1
Line13=78,14,13,12,9,7,3,6,0,1
Line14=79,14,13,12,9,7,3,6,0,1
Line15=48,13,12,6,3,9,7,0,1
Line16=37,13,12,6,7,3,9,0,1
Dir6=-1,14,13,12,3,7,6,9,0,1,
Line17=40,13,12,6,3,9,7,0,1
Line18=33,13,12,6,7,3,9,0,1
Line19=34,13,12,6,7,3,9,0,1
Line20=35,13,12,6,7,3,9,0,1
Line21=36,13,12,6,7,3,9,0,1
Line22=28,13,12,6,3,9,0,1,7
Line23=26,13,12,6,3,9,0,1,7
Line24=27,13,12,6,3,9,0,1,7
Line25=71,14,13,12,3,9,7,6,0,1
Line26=72,14,13,12,3,9,7,6,0,1
Line27=73,14,13,12,3,9,7,6,0,1
Line28=12,13,12,6,7,3,9,0,1
Line29=13,13,12,6,7,3,9,0,1
Line30=14,13,12,6,7,3,9,0,1
Line31=50,13,12,6,3,7,9,0,1
Line32=53,13,12,6,3,7,9,0,1

[单手受伤]
Dir5=-1,13,12,6,7,3,9,0,1,
Dir4=-1,13,12,6,7,3,9,0,1,
Dir3=-1,13,12,6,7,3,9,0,1,
Dir2=-1,13,12,9,6,7,3,0,1,
Dir1=-1,14,13,12,9,7,3,6,0,1,
Dir8=-1,14,13,12,9,7,3,6,0,1,
Dir6=-1,14,13,12,3,7,6,9,0,1,

[双手待击]
Dir1=-1,13,12,9,7,3,6,0,1,
Dir8=-1,13,12,9,7,3,6,0,1,
Dir3=-1,13,12,7,3,9,6,0,1,
Dir2=-1,13,12,9,7,3,6,0,1,
Dir6=-1,14,13,12,3,9,7,6,0,1,
Dir5=-1,14,13,12,3,9,7,6,0,1,
Dir4=-1,14,13,12,3,7,9,6,0,1,

[双手跑步]
Dir1=-1,13,12,9,7,3,6,0,1,
Dir8=-1,13,12,9,7,3,6,0,1,
Dir2=-1,13,12,7,9,3,6,0,1,
Dir5=-1,14,13,12,3,9,6,0,1,7,
Dir4=-1,14,13,12,3,6,0,1,7,9,
Dir6=-1,14,13,12,3,9,7,6,0,1,
Dir3=-1,14,13,12,3,7,6,9,0,1,

[双手攻击]
Line1=0,13,12,9,7,3,6,0,1
Line2=1,13,12,9,3,7,6,0,1
Line4=5,13,12,9,3,7,6,0,1
Line3=77,13,12,9,7,3,6,0,1
Line5=78,13,12,9,7,3,6,0,1
Line6=79,13,12,9,3,7,6,0,1
Line7=82,13,12,7,3,6,9,0,1
Line9=84,13,12,9,3,6,7,0,1
Line8=84,13,12,7,3,9,6,0,1
Line10=83,13,12,7,3,6,9,0,1
Line11=69,13,12,9,3,6,0,7,1
Dir7=-1,13,12,6,3,7,9,0,1,
Line12=73,13,12,6,7,3,9,0,1
Line13=61,13,12,7,6,3,9,0,1
Line14=64,13,12,6,3,9,7,0,1
Line15=60,13,12,7,3,6,9,0,1
Line16=62,13,12,6,7,3,9,0,1
Line17=62,13,12,9,6,7,3,0,1
Line19=59,13,12,7,3,9,6,0,1
Line21=44,13,12,6,3,9,7,0,1
Line18=63,13,12,6,7,3,9,0,1
Line20=74,13,12,6,7,3,9,0,1
Line22=50,13,12,7,3,6,9,0,1
Line24=51,13,12,7,3,6,9,0,1
Line26=49,13,12,6,3,7,9,0,1
Dir5=-1,13,12,9,7,6,3,0,1,
Line23=45,13,12,6,3,9,7,0,1
Line25=46,13,12,6,7,3,9,0,1
Line27=42,13,12,6,3,9,0,1,7
Line28=43,13,12,3,7,6,9,0,1
Dir6=-1,14,13,12,3,9,7,6,0,1,
Dir4=-1,13,12,7,3,6,9,0,1,
Dir3=-1,14,13,12,3,7,6,9,0,1,
Line29=27,14,13,12,9,3,7,6,0,1
Line30=28,14,13,12,9,3,7,6,0,1
Line31=29,14,13,12,9,3,7,6,0,1
Line32=32,14,13,12,3,6,9,0,1,7
Line33=22,14,13,12,7,3,6,9,0,1
Line34=23,14,13,12,7,3,6,9,0,1
Line35=24,14,13,12,7,3,6,9,0,1
Line36=11,14,13,12,7,9,3,6,0,1
Line38=13,14,13,12,3,9,7,6,0,1
Line37=13,14,13,12,3,9,7,6,0,1
Line39=14,14,13,12,9,7,3,6,0,1
Line40=20,14,13,12,3,9,6,0,1,7
Line41=21,14,13,12,3,9,7,6,0,1
Line42=12,14,13,12,7,3,9,6,0,1
Line43=75,13,12,6,9,3,7,0,1
Line44=76,13,12,6,9,3,7,0,1
Line45=66,13,12,3,6,9,7,0,1
Line46=67,13,12,9,3,6,7,0,1
Line47=68,13,12,9,3,6,7,0,1
Line48=71,13,12,6,7,3,9,0,1
Line49=72,13,12,6,7,3,9,0,1
Line50=54,13,12,6,3,9,7,0,1
Line51=47,13,12,6,7,3,9,0,1
Line52=48,13,12,7,6,3,9,0,1
Line53=52,13,12,7,6,3,9,0,1
Line54=53,13,12,6,3,9,0,1,7

[双手受伤]
Dir1=-1,13,12,9,7,3,6,0,1,
Dir8=-1,13,12,9,7,3,6,0,1,
Dir3=-1,13,12,7,3,6,9,0,1,
Dir2=-1,13,12,7,9,3,6,0,1,
Dir7=-1,14,13,12,9,3,6,0,1,7,
Dir6=-1,14,13,12,3,6,9,0,1,7,
Dir5=-1,14,13,12,3,6,9,7,0,1,
Dir4=-1,14,13,12,3,6,7,9,0,1,

[骑马双手待击]
Dir1=-1,14,13,9,7,6,3,12,0,1,
Dir2=-1,14,13,7,9,3,12,6,0,1,
Dir3=-1,14,13,7,12,3,6,9,0,1,
Dir6=-1,12,3,14,13,9,7,6,0,1,
Dir4=-1,12,3,14,13,7,9,6,0,1,
Dir5=-1,12,3,13,6,14,9,7,0,1,
Dir8=-1,14,13,9,3,12,7,6,0,1,
Dir7=-1,14,13,12,3,9,7,6,0,1,

[骑马双手跑步]
Dir1=-1,14,13,9,7,3,6,0,1,12,
Dir6=-1,12,3,14,13,9,7,6,0,1,
Dir8=-1,14,3,12,13,9,7,6,0,1,
Dir5=-1,12,13,3,6,0,1,14,9,7,
Dir4=-1,12,13,7,3,9,14,6,0,1,
Dir3=-1,14,13,7,12,3,6,9,0,1,
Dir2=-1,14,13,7,9,3,12,6,0,1,
Dir7=-1,14,13,12,3,9,7,6,0,1,

[骑马双手攻击]
Dir1=-1,14,13,9,3,6,12,0,1,7,
Line1=4,14,13,9,3,7,6,12,0,1
Dir8=-1,14,13,9,3,12,6,0,1,7,
Dir6=-1,13,12,3,6,14,9,7,0,1,
Dir5=-1,12,13,7,3,6,14,9,0,1,
Dir4=-1,13,7,12,3,6,14,9,0,1,
Dir3=-1,14,7,13,12,3,6,9,0,1,
Dir2=-1,7,14,13,9,3,6,12,0,1,
Line2=4,14,13,9,3,7,6,12,0,1
Line4=5,14,13,9,3,7,6,12,0,1
Line3=5,14,13,9,3,7,6,12,0,1
Line5=78,14,13,9,7,3,12,6,0,1
Line7=69,14,13,12,9,7,3,6,0,1
Line6=80,14,13,9,3,12,7,6,0,1
Line8=70,14,13,12,9,7,3,6,0,1
Line9=61,13,12,3,7,6,14,9,0,1
Line10=59,13,12,7,3,6,14,9,0,1
Line12=59,13,12,7,3,6,14,9,0,1
Line14=51,12,13,3,7,6,14,9,0,1
Dir7=-1,14,13,12,3,9,7,6,0,1,
Line11=60,13,12,7,3,6,14,9,0,1
Line13=54,12,13,3,6,14,9,7,0,1
Line15=52,12,13,3,7,6,14,9,0,1
Line16=53,12,13,3,7,6,14,9,0,1
Line17=53,12,13,3,7,6,14,9,0,1
Line19=2,14,13,9,7,3,6,12,0,1
Line18=1,14,13,9,7,3,6,12,0,1
Line20=3,14,13,9,7,3,6,12,0,1
Line21=7,14,13,9,7,3,6,12,0,1
Line22=8,14,13,9,7,3,6,12,0,1
Line23=9,14,13,9,7,3,6,12,0,1
Line24=10,14,13,9,7,3,6,12,0,1
Line25=0,14,13,9,7,3,6,12,0,1
Line27=79,14,13,9,7,3,12,6,0,1
Line29=71,14,13,12,7,3,9,6,0,1
Line26=44,12,13,3,6,14,9,7,0,1
Line28=45,12,13,3,6,14,9,7,0,1
Line30=46,12,13,3,6,14,9,7,0,1
Line32=23,14,13,7,12,3,6,9,0,1
Line31=23,7,14,13,12,3,6,9,0,1
Line33=24,7,14,13,12,3,6,9,0,1

[骑马双手受伤]
Dir1=-1,14,13,9,7,3,6,12,0,1,
Dir8=-1,14,13,9,3,6,12,7,0,1,
Dir6=-1,13,12,3,6,14,9,7,0,1,
Dir5=-1,13,12,3,6,14,9,7,1,0,
Dir4=-1,13,12,7,3,6,14,9,0,1,
Dir3=-1,14,7,13,12,3,6,9,0,1,
Dir2=-1,14,13,9,7,3,6,12,0,1,

[骑马空手待击]
Dir1=-1,14,13,9,3,7,6,12,0,1,
Dir8=-1,14,9,13,3,7,6,12,0,1,
Dir6=-1,13,12,3,7,6,14,9,0,1,
Dir5=-1,13,12,3,7,6,14,9,0,1,
Dir4=-1,13,12,3,7,6,14,9,0,1,
Dir2=-1,14,13,7,6,9,3,12,0,1,
Dir3=-1,14,13,12,3,7,6,9,0,1,

[骑马空手跑步]
Dir1=-1,14,13,9,3,7,6,12,0,1,
Dir8=-1,14,13,9,3,7,6,12,0,1,
Dir6=-1,13,12,3,7,6,14,9,0,1,
Dir5=-1,13,12,3,7,6,14,9,0,1,
Dir4=-1,13,12,3,7,6,14,9,0,1,
Dir2=-1,14,13,9,3,7,6,12,0,1,
Dir7=-1,14,13,12,3,7,6,9,0,1,
Dir3=-1,14,13,12,3,7,6,9,0,1,

[骑马空手攻击]
Dir1=-1,14,13,9,3,7,6,12,0,1,
Dir8=-1,14,13,9,3,7,6,12,0,1,
Dir6=-1,13,12,9,3,7,6,14,0,1,
Dir5=-1,13,12,9,3,7,6,14,0,1,
Dir4=-1,13,12,9,3,7,6,14,0,1,
Dir2=-1,14,13,9,3,7,6,12,0,1,

[骑马空手受伤]
Dir1=-1,14,13,9,3,7,6,12,0,1,
Dir8=-1,14,13,9,3,7,6,12,0,1,
Dir2=-1,14,13,9,3,7,6,12,0,1,
Dir6=-1,13,12,3,7,6,14,9,0,1,
Dir5=-1,13,12,3,7,6,14,9,0,1,
Dir4=-1,13,12,3,7,6,14,9,0,1,

[骑马单手待击]
Dir1=-1,14,13,9,7,3,6,12,0,1,
Dir8=-1,14,13,9,3,7,6,12,0,1,
Dir2=-1,14,13,9,7,3,6,12,0,1,
Dir6=-1,13,12,3,7,6,14,9,0,1,
Dir5=-1,13,12,3,7,6,14,9,0,1,
Dir4=-1,13,12,3,7,6,14,9,0,1,
Dir3=-1,14,13,7,12,3,6,9,0,1,

[骑马单手跑步]
Dir1=-1,14,13,9,3,7,6,12,0,1,
Dir8=-1,14,13,9,3,7,6,12,0,1,
Dir6=-1,13,12,3,7,6,14,9,0,1,
Dir5=-1,13,12,3,7,6,14,9,0,1,
Dir4=-1,13,12,7,3,6,14,9,0,1,
Dir2=-1,14,7,13,9,3,6,12,0,1,
Dir3=-1,14,7,13,12,3,6,9,0,1,
Dir7=-1,14,13,12,3,7,6,9,0,1,

[骑马单手攻击]
Dir1=-1,14,13,9,3,6,12,0,1,7,
Dir8=-1,14,13,9,3,6,12,0,1,7,
Dir2=-1,14,7,13,9,3,6,12,0,1,
Dir6=-1,13,12,3,6,14,9,0,1,7,
Dir5=-1,13,12,3,7,6,14,9,0,1,
Dir4=-1,13,7,12,3,6,14,9,0,1,
Dir3=-1,14,13,7,12,3,6,9,0,1,
Dir7=-1,14,13,12,3,6,9,0,1,7,

[骑马单手受伤]
Dir1=-1,14,13,9,3,7,6,12,0,1,
Dir8=-1,14,13,9,3,7,6,12,0,1,
Dir2=-1,14,7,13,9,3,6,12,0,1,
Dir6=-1,13,12,3,7,6,14,9,0,1,
Dir5=-1,13,12,3,7,6,14,9,0,1,
Dir4=-1,13,7,12,3,6,14,9,0,1,
Dir3=-1,14,7,13,12,9,3,6,0,1,

[空手攻击]
Line1=31,14,13,12,9,7,3,6,0,1
Line2=32,14,13,12,9,7,3,6,0,1
Line3=41,14,13,12,9,7,3,6,0,1
Line4=42,14,13,12,9,7,3,6,0,1
Line5=43,14,13,12,9,7,3,6,0,1
Line6=21,14,13,12,9,7,3,6,0,1
Line7=11,14,13,12,9,7,3,6,0,1
Line8=12,14,13,12,9,7,3,6,0,1
Line9=13,14,13,12,9,7,3,6,0,1
Line10=14,14,13,12,9,7,3,6,0,1
Line11=15,14,13,12,9,7,3,6,0,1
Line12=16,14,13,12,9,7,3,6,0,1
Line13=17,14,13,12,9,7,3,6,0,1
Line14=52,14,13,12,9,7,3,6,0,1
Line15=53,14,13,12,9,7,3,6,0,1

[空手待击]
Dir1=-1,14,13,12,9,7,3,6,0,1,
Dir3=-1,14,13,12,7,3,6,9,0,1,
Dir6=-1,14,13,12,3,7,6,9,0,1,
Dir5=-1,14,13,12,3,7,6,9,0,1,
Dir4=-1,14,13,12,3,7,6,9,0,1,

[休闲站立]
Dir6=-1,14,13,12,3,7,6,9,0,1,
Dir5=-1,14,13,12,3,7,6,9,0,1,
Dir4=-1,14,13,12,3,7,6,9,0,1,
Dir3=-1,14,13,12,3,7,6,9,0,1,
Dir2=-1,14,13,12,3,7,6,9,0,1,

[空手跑步]
Dir7=-1,14,13,12,3,7,6,9,0,1,
Dir6=-1,14,13,12,3,7,6,9,0,1,
Dir5=-1,14,13,12,7,3,6,9,0,1,
Dir4=-1,14,13,12,7,3,6,9,0,1,
Dir3=-1,14,13,12,3,7,6,9,0,1,
Line1=24,6,14,13,12,7,3,9,0,1
Line2=25,14,13,12,6,7,3,9,0,1
Line3=26,14,13,12,7,3,6,9,0,1
Line4=28,14,13,12,7,3,6,9,0,1
Line5=29,14,13,12,7,3,6,9,0,1
Line6=30,14,13,12,7,3,6,9,0,1
Dir2=-1,14,13,12,9,7,3,6,0,1,

[空手受伤]
Dir1=-1,14,13,12,9,3,7,6,1,0,
Dir6=-1,14,13,12,3,7,6,9,0,1,
Dir5=-1,14,13,12,3,7,6,9,0,1,
Dir4=-1,14,13,12,3,7,6,9,0,1,
Dir3=-1,14,13,12,3,7,6,9,0,1,

[休息坐]
Dir5=-1,14,13,12,3,9,7,6,0,1,
Dir6=-1,14,13,12,3,9,7,6,0,1,
Dir4=-1,14,13,12,3,9,7,6,0,1,
Dir7=-1,14,13,12,3,9,7,6,0,1,
Dir3=-1,14,13,12,3,9,7,6,0,1,

