[DEFAULT]
Dir1=-1,14,13,12,9,3,7,6,0,1
Dir2=-1,14,13,12,9,3,7,6,0,1
Dir3=-1,14,13,12,9,3,7,6,0,1
Dir4=-1,14,13,12,9,3,7,6,0,1
Dir5=-1,14,13,12,9,3,7,6,0,1
Dir6=-1,14,13,12,9,3,7,6,0,1
Dir7=-1,14,13,12,9,3,7,6,0,1
Dir8=-1,14,13,12,9,3,7,6,0,1
Dir9=-1,14,13,12,9,3,7,6,0,1
Dir10=-1,14,13,12,9,3,7,6,0,1
Dir11=-1,14,13,12,9,3,7,6,0,1
Dir12=-1,14,13,12,9,3,7,6,0,1
Dir13=-1,14,13,12,9,3,7,6,0,1
Dir14=-1,14,13,12,9,3,7,6,0,1
Dir15=-1,14,13,12,9,3,7,6,0,1
Dir16=-1,14,13,12,9,3,7,6,0,1
UnitNum=11
DirNum=18

[单手跑步]
Dir3=-1,14,13,12,9,6,7,3,0,1,
Dir5=-1,14,13,12,9,6,7,3,0,1,
Dir4=-1,14,13,12,9,6,7,3,0,1,
Dir2=-1,14,13,12,9,6,7,1,3,0,
Dir1=-1,14,13,12,9,6,1,3,7,0,
Dir8=-1,14,13,12,9,1,3,7,6,0,
Dir7=-1,14,13,12,9,1,3,7,6,0,

[单手待击]
Dir5=-1,14,13,12,9,6,7,3,0,1,
Dir4=-1,14,13,12,9,6,7,3,0,1,
Dir3=-1,14,13,12,9,6,7,3,0,1,
Dir2=-1,14,13,12,9,6,7,1,3,0,
Dir1=-1,14,13,12,9,1,3,7,6,0,
Dir8=-1,14,13,12,9,1,3,7,6,0,
Dir7=-1,14,13,12,9,1,3,6,0,7,

[单手攻击]
Dir5=-1,14,13,12,9,6,7,3,0,1,
Dir4=-1,14,13,12,9,6,7,3,0,1,
Dir3=-1,14,13,12,9,6,7,3,0,1,
Dir2=-1,14,13,12,9,6,7,1,3,0,
Dir1=-1,14,13,12,9,1,3,7,6,0,
Line1=7,14,13,12,9,1,3,0,7,6
Line2=8,14,13,12,9,1,3,0,7,6
Line3=82,3,1,14,13,12,9,7,6,0
Line4=83,14,13,12,9,7,6,0,3,1
Line5=84,14,13,12,9,7,6,0,3,1
Line6=85,14,13,12,9,7,6,0,3,1
Line7=86,14,13,12,9,7,6,1,0,3
Line8=71,14,13,12,9,7,6,0,3,1
Line9=72,14,13,12,9,7,6,0,1,3
Line10=73,14,13,12,9,7,6,0,1,3
Dir8=-1,14,13,12,9,1,3,7,6,0,
Line11=74,14,13,12,9,7,6,0,3,1
Line12=75,14,13,12,9,7,6,0,3,1
Line14=6,14,13,12,9,1,3,0,7,6
Line16=29,14,13,12,9,6,7,0,1,3
Line18=5,14,13,12,9,1,3,0,7,6
Line20=30,14,13,12,9,6,7,0,1,3
Line13=27,14,13,12,9,6,7,0,3,1
Line15=28,14,13,12,9,6,7,0,3,1
Line17=30,14,13,12,9,6,7,0,3,1
Line19=39,14,13,12,9,6,7,0,3,1
Line21=40,14,13,12,9,6,7,0,3,1

[单手受伤]
Dir5=-1,14,13,12,9,6,7,3,0,1,
Dir4=-1,14,13,12,9,6,7,3,0,1,
Dir3=-1,14,13,12,9,6,7,3,0,1,
Dir2=-1,14,13,12,9,6,7,1,3,0,
Dir1=-1,14,13,12,9,1,3,7,6,0,
Dir8=-1,14,13,12,9,1,3,7,6,0,
Dir7=-1,14,13,12,9,1,3,7,6,0,
Dir6=-1,14,13,12,9,1,3,7,6,0,

[骑马空手待击]
Dir1=-1,14,13,9,1,12,3,7,6,0,
Dir8=-1,14,13,9,1,12,3,7,6,0,
Dir7=-1,14,13,9,12,3,7,6,0,1,
Dir6=-1,14,13,9,12,3,7,6,0,1,
Dir5=-1,14,13,9,12,3,7,6,0,1,
Dir4=-1,14,13,9,12,3,7,6,0,1,
Dir3=-1,14,13,9,12,3,7,6,0,1,
Dir2=-1,14,13,9,1,12,3,7,6,0,

[骑马空手跑步]
Dir1=-1,14,13,9,1,12,3,7,6,0,
Dir8=-1,14,13,9,1,12,3,7,6,0,
Dir7=-1,14,13,9,12,3,7,6,0,1,
Dir6=-1,14,13,9,12,3,7,6,0,1,
Dir5=-1,14,13,9,12,3,7,6,0,1,
Dir4=-1,14,13,9,12,3,7,6,0,1,
Dir3=-1,14,13,9,12,3,7,6,0,1,
Dir2=-1,14,13,9,1,12,3,7,6,0,

[骑马空手受伤]
Dir1=-1,14,13,9,1,12,3,7,6,0,
Dir8=-1,14,13,9,1,12,3,7,6,0,
Dir7=-1,14,13,9,12,3,7,6,0,1,
Dir6=-1,14,13,9,12,3,7,6,0,1,
Dir5=-1,14,13,9,12,3,7,6,0,1,
Dir4=-1,14,13,9,12,3,7,6,0,1,
Dir3=-1,14,13,9,12,3,7,6,0,1,
Dir2=-1,14,13,9,1,12,3,7,6,0,

[骑马单手待击]
Dir1=-1,14,13,9,1,12,7,3,6,0,
Dir8=-1,14,13,9,1,12,3,7,6,0,
Dir7=-1,14,13,9,12,3,7,6,0,1,
Dir6=-1,14,13,9,12,3,7,6,0,1,
Dir5=-1,14,13,9,12,7,3,6,0,1,
Dir4=-1,13,14,9,12,7,3,6,0,1,
Dir3=-1,13,14,9,12,7,3,6,0,1,
Dir2=-1,13,14,9,1,12,7,3,6,0,

[骑马单手跑步]
Dir1=-1,14,13,9,1,12,7,3,6,0,
Dir8=-1,14,13,9,1,12,3,7,6,0,
Dir7=-1,14,13,9,12,3,7,6,0,1,
Dir6=-1,14,13,9,12,3,7,6,0,1,
Dir5=-1,14,13,9,12,7,3,6,0,1,
Dir4=-1,13,14,9,12,7,3,6,0,1,
Dir3=-1,13,14,9,12,7,3,6,0,1,
Dir2=-1,13,14,9,12,7,1,3,6,0,

[骑马单手攻击]
Dir1=-1,14,13,9,1,12,3,7,6,0,
Dir8=-1,14,13,9,1,12,3,7,6,0,
Dir6=-1,14,13,9,12,3,7,6,0,1,
Dir7=-1,14,13,9,12,3,7,6,0,1,
Dir5=-1,14,13,9,7,12,3,6,0,1,
Dir4=-1,13,14,9,7,12,3,6,0,1,
Dir3=-1,13,14,9,7,12,3,6,0,1,
Dir2=-1,13,14,9,7,1,12,3,6,0,
Line1=6,14,13,9,1,12,0,3,7,6
Line2=7,14,13,9,1,12,0,3,7,6
Line3=8,14,13,9,1,12,0,3,7,6
Line4=5,14,13,9,1,12,0,3,7,6
Line5=17,13,14,9,12,7,1,0,3,6
Line6=18,13,14,9,12,7,1,0,3,6
Line7=16,13,14,9,12,7,1,0,3,6
Line8=27,13,14,9,12,7,0,3,6,1
Line9=20,13,14,9,12,7,1,3,6,0
Line10=21,13,14,9,12,7,1,3,6,0
Line11=11,13,14,9,12,7,1,3,6,0
Line12=12,13,14,9,12,7,1,3,6,0
Line13=13,13,14,9,12,7,1,3,6,0
Line14=14,13,14,9,12,7,1,3,6,0
Line15=15,13,14,9,12,7,1,3,6,0
Line16=19,13,14,9,12,7,1,3,6,0
Line17=22,13,14,9,12,7,3,6,0,1
Line18=23,13,14,9,12,7,3,6,0,1
Line19=24,13,14,9,12,7,3,6,0,1
Line20=25,13,14,9,12,7,3,6,0,1
Line21=26,13,14,9,12,7,3,6,0,1
Line22=28,13,14,9,12,7,3,6,0,1
Line23=29,13,14,9,12,7,3,6,0,1
Line24=30,13,14,9,12,7,3,6,0,1
Line25=31,13,14,9,12,7,3,6,0,1
Line26=32,13,14,9,12,7,3,6,0,1
Line27=36,13,14,9,12,7,3,6,0,1
Line28=37,13,14,9,12,7,3,6,0,1
Line29=38,13,14,9,12,7,3,6,0,1
Line30=39,13,14,9,12,7,3,6,0,1
Line31=40,13,14,9,12,7,3,6,0,1
Line32=41,13,14,9,12,7,3,6,0,1
Line33=42,13,14,9,12,7,3,6,0,1
Line34=43,13,14,9,12,7,3,6,0,1
Line35=33,13,14,9,12,7,3,6,0,1
Line36=34,13,14,9,12,7,3,6,0,1
Line37=35,13,14,9,12,7,3,6,0,1
Line38=47,14,13,9,12,7,3,6,0,1
Line39=48,14,13,9,12,7,3,6,0,1
Line40=49,14,13,9,12,7,3,6,0,1
Line41=50,14,13,9,12,7,3,6,0,1
Line42=51,14,13,9,12,7,3,6,0,1
Line43=52,14,13,9,12,7,3,6,0,1
Line44=53,14,13,9,12,7,3,6,0,1
Line45=54,14,13,9,12,7,3,6,0,1
Line46=44,14,13,9,12,7,3,6,0,1
Line47=45,14,13,9,12,7,3,6,0,1
Line48=46,14,13,9,12,7,3,6,0,1

[骑马单手受伤]
Dir1=-1,14,13,9,1,12,7,3,6,0,
Dir8=-1,14,13,9,1,12,3,7,6,0,
Dir7=-1,14,13,9,12,3,7,6,0,1,
Dir6=-1,14,13,9,12,3,7,6,0,1,
Dir5=-1,14,13,9,12,7,3,6,0,1,
Dir4=-1,13,14,9,12,7,3,6,0,1,
Dir3=-1,13,14,9,12,7,3,6,0,1,
Dir2=-1,13,14,9,12,7,1,3,6,0,

[休闲站立]
Dir1=-1,14,13,12,9,1,3,7,6,0,
Dir8=-1,14,13,12,9,1,3,7,6,0,
Dir7=-1,14,13,12,9,1,3,7,6,0,
Dir3=-1,14,13,12,9,1,3,7,6,0,
Dir2=-1,14,13,12,9,1,3,7,6,0,

[休息坐]
Dir1=-1,14,13,12,9,1,3,7,6,0,
Dir8=-1,14,13,12,9,1,3,7,6,0,
Dir2=-1,14,13,12,9,1,3,7,6,0,
Dir7=-1,14,13,12,9,1,3,7,6,0,

[空手待击]
Dir1=-1,14,13,12,9,1,3,7,6,0,
Dir8=-1,14,13,12,9,1,3,7,6,0,
Dir2=-1,14,13,12,9,1,3,7,6,0,
Dir7=-1,14,13,12,9,1,3,7,6,0,

[空手跑步]
Dir1=-1,14,13,12,9,1,3,7,6,0,
Dir8=-1,14,13,12,9,1,3,7,6,0,
Dir7=-1,14,13,12,9,3,1,7,6,0,
Dir2=-1,14,13,12,9,1,3,7,6,0,

[空手受伤]
Dir1=-1,14,13,12,9,1,3,7,6,0,
Dir8=-1,14,13,12,9,1,3,7,6,0,
Dir2=-1,14,13,12,9,1,3,7,6,0,
Dir7=-1,14,13,12,9,1,3,7,6,0,
Dir6=-1,14,13,12,9,3,1,7,6,0,

[骑马空手攻击]
Dir1=-1,14,13,12,9,1,3,7,6,0,
Dir8=-1,14,13,12,9,1,3,7,6,0,
Dir2=-1,14,13,12,9,1,3,7,6,0,

