[DEFAULT]
Dir1=-1,14,13,12,9,6,3,7,0,1
Dir2=-1,14,13,12,9,6,3,7,0,1
Dir3=-1,14,13,12,9,6,3,7,0,1
Dir4=-1,14,13,12,9,6,3,7,0,1
Dir5=-1,14,13,12,9,6,3,7,0,1
Dir6=-1,14,13,12,9,6,3,7,0,1
Dir7=-1,14,13,12,9,6,3,7,0,1
Dir8=-1,14,13,12,9,6,3,7,0,1
Dir9=-1,14,13,12,9,6,3,7,0,1
Dir10=-1,14,13,12,9,6,3,7,0,1
Dir11=-1,14,13,12,9,6,3,7,0,1
Dir12=-1,14,13,12,9,6,3,7,0,1
Dir13=-1,14,13,12,9,6,3,7,0,1
Dir14=-1,14,13,12,9,6,3,7,0,1
Dir15=-1,14,13,12,9,6,3,7,0,1
Dir16=-1,14,13,12,9,6,3,7,0,1
UnitNum=11
DirNum=18

[单手跑步]
Dir1=-1,14,13,12,9,6,1,3,7,0,
Dir8=-1,14,13,12,9,6,1,3,7,0,
Dir5=-1,14,13,12,9,6,7,3,0,1,
Dir4=-1,14,13,12,9,6,7,3,0,1,
Dir3=-1,14,13,12,9,6,7,3,0,1,
Dir2=-1,14,13,12,9,6,7,1,3,0,

[休闲站立]
Dir1=-1,14,13,12,9,6,7,1,3,0,
Dir8=-1,14,13,12,9,6,1,3,7,0,
Dir2=-1,14,13,12,9,6,1,3,7,0,
Dir7=-1,14,13,12,9,6,1,3,7,0,

[休息坐]
Dir1=-1,14,13,12,9,6,1,3,7,0,
Dir8=-1,14,13,12,9,6,1,3,7,0,
Dir2=-1,14,13,12,9,6,1,3,7,0,

[空手待击]
Dir2=-1,14,13,12,9,6,1,3,7,0,
Dir8=-1,14,13,12,9,6,1,3,7,0,
Dir1=-1,14,13,12,9,6,1,3,7,0,
Dir7=-1,14,13,12,9,6,3,7,1,0,

[空手跑步]
Dir1=-1,14,13,12,9,6,1,3,7,0,
Dir8=-1,14,13,12,9,6,1,3,7,0,
Dir2=-1,14,13,12,9,6,1,3,7,0,
Dir7=-1,14,13,12,9,6,1,3,7,0,
Dir6=-1,14,13,12,9,6,1,3,7,0,
Dir4=-1,14,13,12,9,6,1,3,7,0,

[空手攻击]
Dir1=-1,14,13,12,9,6,1,3,7,0,
Dir8=-1,14,13,12,9,6,3,7,1,0,
Dir2=-1,14,13,12,9,6,3,7,1,0,

[空手受伤]
Dir1=-1,14,13,12,9,6,1,3,7,0,
Dir8=-1,14,13,12,9,6,1,3,7,0,
Dir2=-1,14,13,12,9,6,1,3,7,0,
Dir7=-1,14,13,12,9,6,1,3,7,0,

[死亡]
Dir1=-1,14,13,12,9,6,1,3,7,0,
Dir8=-1,14,13,12,9,6,1,3,7,0,
Dir3=-1,14,13,12,9,6,1,3,7,0,
Dir2=-1,14,13,12,9,6,1,3,7,0,

[单手待击]
Dir1=-1,14,13,12,9,6,1,3,7,0,
Dir8=-1,14,13,12,9,6,1,3,7,0,
Dir2=-1,14,13,12,9,6,1,7,3,0,
Dir3=-1,14,13,12,9,6,7,3,0,1,
Dir4=-1,14,13,12,9,6,7,3,0,1,
Dir7=-1,14,13,12,9,6,3,0,1,7,

[单手攻击]
Dir1=-1,14,13,12,9,6,1,3,7,0,
Dir8=-1,14,13,12,9,6,3,1,7,0,
Dir6=-1,14,13,12,9,6,3,0,1,7,
Dir7=-1,14,13,12,9,6,3,0,1,7,
Dir4=-1,14,13,12,9,6,7,3,0,1,
Dir3=-1,14,13,12,9,6,7,1,3,0,
Dir2=-1,14,13,12,9,6,7,1,3,0,
Dir5=-1,14,13,12,9,6,7,3,0,1,
Line1=44,14,13,12,9,6,3,7,0,1
Line2=68,14,13,12,9,6,1,3,0,7
Line3=69,14,13,12,9,6,1,3,0,7
Line4=70,14,13,12,9,6,1,3,0,7
Line5=76,14,13,12,9,6,1,3,0,7
Line6=66,14,13,12,9,6,1,3,0,7
Line7=67,14,13,12,9,6,1,3,0,7
Line8=6,14,13,12,9,6,1,7,0,3
Line9=7,14,13,12,9,6,1,7,0,3
Line10=8,14,13,12,9,6,1,7,0,3
Line11=5,14,13,12,9,6,1,7,0,3
Line13=85,14,13,12,9,6,1,7,0,3
Line12=29,14,13,12,9,6,7,1,0,3
Line14=18,14,13,12,9,6,7,1,0,3
Line15=17,14,13,12,9,6,7,1,0,3

[单手受伤]
Dir1=-1,14,13,12,9,6,1,3,7,0,
Dir8=-1,14,13,12,9,6,1,3,7,0,
Dir3=-1,14,13,12,9,6,7,3,0,1,
Line1=6,14,13,12,9,6,1,7,3,0
Dir2=-1,14,13,12,9,6,7,1,3,0,
Dir5=-1,14,13,12,9,6,7,3,0,1,
Dir4=-1,14,13,12,9,6,7,3,0,1,

[双手待击]
Dir1=-1,14,13,12,9,1,3,7,6,0,
Dir8=-1,14,13,12,9,6,1,3,7,0,
Dir6=-1,14,13,12,9,6,7,3,0,1,
Dir5=-1,14,13,12,9,6,7,3,0,1,
Dir4=-1,14,13,12,9,6,7,3,0,1,
Dir2=-1,14,13,12,9,1,3,7,6,0,
Dir3=-1,14,13,12,9,6,7,3,0,1,

[双手跑步]
Dir1=-1,14,13,12,9,6,7,1,3,0,
Dir8=-1,14,13,12,9,6,7,1,3,0,
Dir4=-1,14,13,12,9,6,3,0,1,7,
Dir3=-1,14,13,12,9,6,3,0,1,7,
Dir2=-1,14,13,12,9,6,7,1,3,0,

[双手攻击]
Dir1=-1,14,13,12,9,1,3,7,6,0,
Dir8=-1,14,13,12,9,1,7,3,6,0,
Dir3=-1,14,13,12,9,7,3,6,0,1,
Dir2=-1,14,13,12,9,3,7,6,1,0,
Line1=70,14,13,12,9,1,3,7,6,0
Line2=71,14,13,12,9,1,3,7,6,0
Line3=72,14,13,12,9,1,3,7,6,0
Line4=73,14,13,12,9,1,3,7,6,0
Line5=74,14,13,12,9,1,3,7,6,0
Line6=75,14,13,12,9,1,3,7,6,0
Line7=79,14,13,12,9,1,3,7,6,0
Dir7=-1,14,13,12,9,7,3,6,0,1,
Dir6=-1,14,13,12,9,7,3,6,0,1,
Line13=64,14,13,12,9,3,7,0,6,1
Dir4=-1,14,13,12,9,3,6,7,0,1,
Line8=60,14,13,12,9,3,7,6,0,1
Line9=61,14,13,12,9,3,7,6,0,1
Line10=62,14,13,12,9,3,7,6,0,1
Line11=63,14,13,12,9,3,7,6,0,1
Line12=64,14,13,12,9,3,7,6,0,1
Line14=65,14,13,12,9,3,6,0,1,7
Line15=51,14,13,12,9,3,7,6,0,1
Line16=52,14,13,12,9,3,7,6,0,1
Line17=53,14,13,12,9,3,7,6,0,1
Line18=54,14,13,12,9,3,7,6,0,1
Line19=40,14,13,12,9,6,7,3,0,1
Line21=45,14,13,12,9,6,3,0,7,1
Line20=45,14,13,12,9,6,7,3,0,1
Line22=46,14,13,12,9,6,7,3,0,1
Line23=47,14,13,12,9,6,7,3,0,1
Line24=48,14,13,12,9,6,7,3,0,1
Line25=49,14,13,12,9,6,7,3,0,1
Line26=41,14,13,12,9,6,7,3,0,1
Line27=30,14,13,12,9,7,3,6,0,1
Line28=31,14,13,12,9,7,3,6,0,1
Line29=32,14,13,12,9,7,3,6,0,1
Line30=33,14,13,12,9,7,3,6,0,1
Line31=34,14,13,12,9,7,3,6,0,1
Line32=35,14,13,12,9,7,3,6,0,1
Line33=39,14,13,12,9,7,3,6,0,1
Line34=26,14,13,12,9,3,7,6,0,1
Line35=27,14,13,12,9,3,7,6,0,1
Line36=28,14,13,12,9,3,7,6,0,1

[双手受伤]
Dir1=-1,14,13,12,9,6,1,3,7,0,
Dir8=-1,14,13,12,9,6,1,3,7,0,
Dir6=-1,14,13,12,9,6,7,3,0,1,
Dir5=-1,14,13,12,9,6,7,3,0,1,
Dir4=-1,14,13,12,9,6,7,3,0,1,
Dir3=-1,14,13,12,9,6,7,3,0,1,
Dir2=-1,14,13,12,9,6,1,3,7,0,

[骑马空手待击]
Dir1=-1,14,13,9,6,7,1,12,3,0,
Dir8=-1,14,13,9,6,1,12,3,7,0,
Dir7=-1,14,13,9,6,12,3,7,0,1,
Dir6=-1,14,13,9,6,12,3,7,0,1,
Dir5=-1,14,13,9,6,12,3,7,0,1,
Dir4=-1,14,13,9,6,7,12,3,0,1,
Dir3=-1,14,13,9,6,7,12,3,0,1,
Dir2=-1,14,13,9,6,7,1,12,3,0,

[骑马空手跑步]
Dir1=-1,14,13,9,6,7,1,12,3,0,
Dir8=-1,14,13,9,6,1,12,3,7,0,
Dir7=-1,14,13,9,6,12,3,7,0,1,
Dir6=-1,14,13,9,6,12,3,7,0,1,
Dir5=-1,14,13,9,6,12,3,7,0,1,
Dir4=-1,14,13,9,6,7,12,3,0,1,
Dir3=-1,14,13,9,6,7,12,3,0,1,
Dir2=-1,14,13,9,6,7,1,12,3,0,

[骑马空手受伤]
Dir1=-1,14,13,9,6,1,12,3,7,0,
Dir8=-1,14,13,9,6,1,12,3,7,0,
Dir6=-1,14,13,9,6,12,3,7,0,1,
Dir7=-1,14,13,9,6,12,3,7,0,1,
Dir5=-1,14,13,9,6,12,3,7,0,1,
Dir4=-1,14,13,9,6,7,12,3,0,1,
Dir3=-1,14,13,9,6,7,12,3,0,1,
Dir2=-1,14,13,9,6,1,12,3,7,0,

[骑马单手待击]
Dir1=-1,14,13,9,6,1,12,3,7,0,
Dir8=-1,14,13,9,6,1,12,3,7,0,
Dir7=-1,14,13,9,6,12,3,7,0,1,
Dir6=-1,14,13,9,6,12,3,7,0,1,
Dir5=-1,14,13,9,6,12,3,7,0,1,
Dir4=-1,13,14,9,6,12,7,3,0,1,
Dir3=-1,13,14,9,6,12,7,3,0,1,
Dir2=-1,13,14,9,6,12,7,1,3,0,

[骑马单手跑步]
Dir1=-1,14,13,9,6,1,12,7,3,0,
Dir8=-1,14,13,9,6,1,12,3,7,0,
Dir7=-1,14,13,9,6,12,3,7,0,1,
Dir6=-1,14,13,9,6,12,3,7,0,1,
Dir5=-1,14,13,9,6,12,7,3,0,1,
Dir4=-1,13,14,9,6,12,7,3,0,1,
Dir3=-1,13,14,9,6,12,7,3,0,1,
Dir2=-1,13,14,9,6,12,7,1,3,0,

[骑马单手攻击]
Dir1=-1,14,13,9,6,1,12,3,7,0,
Dir8=-1,14,13,9,6,1,12,3,7,0,
Dir7=-1,14,13,9,6,12,3,7,0,1,
Dir6=-1,14,13,9,6,12,3,7,0,1,
Dir5=-1,14,13,9,6,7,3,12,0,1,
Dir4=-1,13,14,9,6,7,12,3,0,1,
Dir3=-1,13,14,9,6,7,12,3,0,1,
Dir2=-1,13,14,9,6,7,1,12,3,0,
Line1=7,14,13,9,6,1,12,0,3,7
Line2=5,14,13,9,6,1,12,0,3,7
Line4=25,13,14,9,6,7,12,0,3,1
Line3=25,13,14,9,6,12,7,0,3,1
Line5=27,13,14,9,6,12,7,0,3,1
Line6=28,13,14,9,6,12,7,0,3,1
Line7=29,13,14,9,6,12,7,0,3,1
Line8=17,13,14,9,6,12,7,1,0,3
Line9=18,13,14,9,6,12,7,1,0,3
Line10=16,13,14,9,6,12,7,1,0,3
Line11=6,14,13,9,6,1,12,0,3,7
Line12=11,13,14,9,6,12,7,1,3,0
Line13=12,13,14,9,6,12,7,1,3,0
Line14=13,13,14,9,6,12,7,1,3,0
Line15=14,13,14,9,6,12,7,1,3,0
Line16=15,13,14,9,6,12,7,1,3,0
Line17=19,13,14,9,6,12,7,1,3,0
Line18=20,13,14,9,6,12,7,1,3,0
Line19=21,13,14,9,6,12,7,1,3,0
Line20=31,13,14,9,6,12,7,3,0,1
Line21=32,13,14,9,6,12,7,3,0,1
Line22=22,13,14,9,6,12,7,3,0,1
Line23=23,13,14,9,6,12,7,3,0,1
Line24=24,13,14,9,6,12,7,3,0,1
Line25=26,13,14,9,6,12,7,3,0,1
Line26=30,13,14,9,6,12,7,3,0,1
Line27=39,13,14,9,6,12,7,3,0,1
Line28=40,13,14,9,6,12,7,3,0,1
Line29=41,13,14,9,6,12,7,3,0,1
Line30=42,13,14,9,6,12,7,3,0,1
Line31=43,13,14,9,6,12,7,3,0,1
Line32=33,13,14,9,6,12,7,3,0,1
Line33=34,13,14,9,6,12,7,3,0,1
Line34=35,13,14,9,6,12,7,3,0,1
Line35=36,13,14,9,6,12,7,3,0,1
Line36=37,13,14,9,6,12,7,3,0,1
Line37=38,13,14,9,6,12,7,3,0,1
Line38=47,14,13,9,6,12,7,3,0,1
Line39=48,14,13,9,6,12,7,3,0,1
Line40=49,14,13,9,6,12,7,3,0,1
Line41=50,14,13,9,6,12,7,3,0,1
Line42=51,14,13,9,6,12,7,3,0,1
Line43=52,14,13,9,6,12,7,3,0,1
Line44=53,14,13,9,6,12,7,3,0,1
Line45=54,14,13,9,6,12,7,3,0,1
Line46=44,14,13,9,6,12,7,3,0,1
Line47=45,14,13,9,6,12,7,3,0,1
Line48=46,14,13,9,6,12,7,3,0,1

[骑马单手受伤]
Dir1=-1,14,13,9,6,1,12,7,3,0,
Dir8=-1,14,13,9,6,1,12,3,7,0,
Dir7=-1,14,13,9,6,12,3,7,0,1,
Dir6=-1,14,13,9,6,12,3,7,0,1,
Dir5=-1,14,13,9,6,12,7,3,0,1,
Dir4=-1,13,14,9,6,12,7,3,0,1,
Dir3=-1,13,14,9,6,12,7,3,0,1,
Dir2=-1,13,14,9,6,1,12,7,3,0,

[骑马空手攻击]
Dir1=-1,14,13,12,9,6,1,3,7,0,
Dir8=-1,14,13,12,9,6,1,3,7,0,
Dir2=-1,14,13,12,9,6,1,3,7,0,

