[DEFAULT]
Dir1=-1,14,13,12,9,6,3,7,0,1
Dir2=-1,14,13,12,9,6,3,7,0,1
Dir3=-1,14,13,12,9,6,3,7,0,1
Dir4=-1,14,13,12,9,6,3,7,0,1
Dir5=-1,14,13,12,9,6,3,7,0,1
Dir6=-1,14,13,12,9,6,3,7,0,1
Dir7=-1,14,13,12,9,6,3,7,0,1
Dir8=-1,14,13,12,9,6,3,7,0,1
Dir9=-1,14,13,12,9,6,3,7,0,1
Dir10=-1,14,13,12,9,6,3,7,0,1
Dir11=-1,14,13,12,9,6,3,7,0,1
Dir12=-1,14,13,12,9,6,3,7,0,1
Dir13=-1,14,13,12,9,6,3,7,0,1
Dir14=-1,14,13,12,9,6,3,7,0,1
Dir15=-1,14,13,12,9,6,3,7,0,1
Dir16=-1,14,13,12,9,6,3,7,0,1
UnitNum=11
DirNum=18

[单手跑步]
Dir1=-1,13,12,9,6,1,7,3,0,
Dir8=-1,13,12,9,6,1,3,7,0,
Dir5=-1,13,12,9,6,3,7,0,1,
Dir4=-1,13,12,9,6,7,3,0,1,
Dir3=-1,13,12,9,6,7,3,0,1,
Dir2=-1,13,12,9,7,6,1,3,0,

[休闲站立]
Dir1=-1,13,12,9,6,7,1,3,0,
Dir8=-1,13,12,9,6,3,1,7,0,
Dir2=-1,13,12,9,6,1,3,7,0,

[休息坐]
Dir1=-1,13,12,9,6,1,3,0,7,
Dir8=-1,13,12,9,6,3,7,1,0,
Dir2=-1,13,12,9,6,1,3,7,0,

[空手待击]
Dir2=-1,13,12,9,6,1,3,7,0,
Dir8=-1,13,12,9,6,1,3,7,0,
Dir1=-1,13,12,9,6,1,3,0,7,
Dir7=-1,13,12,9,6,1,3,7,0,
Dir3=-1,14,13,12,9,6,1,3,7,0,

[空手跑步]
Dir1=-1,13,12,9,6,1,3,7,0,
Dir8=-1,13,12,9,6,1,3,0,7,
Dir2=-1,13,12,9,6,1,3,7,0,
Dir7=-1,14,13,12,9,6,1,3,7,0,
Dir3=-1,14,13,12,9,6,1,3,7,0,

[空手攻击]
Dir1=-1,13,12,9,6,1,3,7,0,
Dir8=-1,13,12,9,6,3,7,1,0,
Dir2=-1,13,12,9,6,3,7,1,0,

[空手受伤]
Dir1=-1,13,12,9,6,1,3,0,7,
Dir8=-1,13,12,9,6,1,3,7,0,
Dir2=-1,13,12,9,6,1,3,7,0,
Dir7=-1,14,13,12,9,6,1,3,7,0,
Dir3=-1,14,13,12,9,6,1,3,7,0,

[死亡]
Dir1=-1,13,12,9,6,1,0,3,7,
Dir8=-1,13,12,9,6,1,3,7,0,
Dir3=-1,13,12,9,6,1,3,7,0,
Dir2=-1,13,12,9,6,1,3,7,0,

[单手待击]
Dir1=-1,13,12,9,6,1,0,7,3,
Dir8=-1,13,12,9,6,1,3,7,0,
Dir2=-1,13,12,9,6,1,7,3,0,
Dir3=-1,13,12,9,6,7,3,0,1,
Dir4=-1,13,12,9,6,7,3,0,1,

[单手攻击]
Dir1=-1,13,12,9,6,1,3,7,0,
Dir8=-1,13,12,9,6,1,3,7,0,
Dir6=-1,13,12,9,6,3,7,0,1,
Dir7=-1,13,12,9,6,3,7,0,1,
Dir4=-1,13,12,9,6,7,3,0,1,
Dir3=-1,13,12,9,6,7,3,0,1,
Dir2=-1,13,12,9,6,1,3,7,0,
Dir5=-1,13,12,9,6,7,3,0,1,
Line1=66,13,12,9,6,7,3,0,1
Line2=44,13,12,9,6,3,7,0,1
Line3=11,13,12,9,6,1,7,3,0
Line5=13,13,12,9,6,1,7,3,0
Line4=21,13,12,9,6,1,7,3,0

[单手受伤]
Dir1=-1,13,12,9,6,1,7,3,0,
Dir8=-1,13,12,9,6,1,3,7,0,
Dir3=-1,13,12,9,6,7,1,3,0,
Dir2=-1,13,12,9,6,1,7,3,0,
Dir5=-1,13,12,9,6,3,7,0,1,
Dir4=-1,13,12,9,6,7,3,0,1,
Dir7=-1,14,13,12,9,6,1,3,7,0,

[双手待击]
Dir1=-1,13,12,9,1,3,7,6,0,
Dir8=-1,13,12,9,6,1,3,7,0,
Dir6=-1,13,12,9,6,7,3,0,1,
Dir5=-1,13,12,9,6,7,3,0,1,
Dir4=-1,13,12,9,6,7,3,0,1,
Dir2=-1,13,12,9,1,3,7,6,0,
Dir3=-1,13,12,9,6,7,3,0,1,

[双手跑步]
Dir1=-1,13,12,9,6,7,1,3,0,
Dir8=-1,13,12,9,6,7,1,3,0,
Dir4=-1,13,12,9,6,3,0,1,7,
Dir3=-1,13,12,9,6,3,0,1,7,
Dir2=-1,13,12,9,6,7,1,3,0,

[双手攻击]
Dir1=-1,13,12,9,1,3,7,6,0,
Dir8=-1,13,12,9,1,7,3,6,0,
Dir3=-1,13,12,9,7,3,6,0,1,
Dir2=-1,13,12,9,3,7,6,1,0,
Line1=70,13,12,9,1,3,7,6,0
Line2=71,13,12,9,1,3,7,6,0
Line3=72,13,12,9,1,3,7,6,0
Line4=73,13,12,9,1,3,7,6,0
Line5=74,13,12,9,1,3,7,6,0
Line6=75,13,12,9,1,3,7,6,0
Line7=79,13,12,9,1,3,7,6,0
Dir7=-1,13,12,9,7,3,6,0,1,
Dir6=-1,13,12,9,7,3,6,0,1,
Line13=64,13,12,9,3,7,0,6,1
Dir4=-1,13,12,9,3,6,7,0,1,
Line8=60,13,12,9,3,7,6,0,1
Line9=61,13,12,9,3,7,6,0,1
Line10=62,13,12,9,3,7,6,0,1
Line11=63,13,12,9,3,7,6,0,1
Line12=64,13,12,9,3,7,6,0,1
Line14=65,13,12,9,3,6,0,1,7
Line15=51,13,12,9,3,7,6,0,1
Line16=52,13,12,9,3,7,6,0,1
Line17=53,13,12,9,3,7,6,0,1
Line18=54,13,12,9,3,7,6,0,1
Line19=40,13,12,9,6,7,3,0,1
Line21=45,13,12,9,6,3,0,7,1
Line20=45,13,12,9,6,7,3,0,1
Line22=46,13,12,9,6,7,3,0,1
Line23=47,13,12,9,6,7,3,0,1
Line24=48,13,12,9,6,7,3,0,1
Line25=49,13,12,9,6,7,3,0,1
Line26=41,13,12,9,6,7,3,0,1
Line27=30,13,12,9,7,3,6,0,1
Line28=31,13,12,9,7,3,6,0,1
Line29=32,13,12,9,7,3,6,0,1
Line30=33,13,12,9,7,3,6,0,1
Line31=34,13,12,9,7,3,6,0,1
Line32=35,13,12,9,7,3,6,0,1
Line33=39,13,12,9,7,3,6,0,1
Line34=26,13,12,9,3,7,6,0,1
Line35=27,13,12,9,3,7,6,0,1
Line36=28,13,12,9,3,7,6,0,1

[双手受伤]
Dir1=-1,13,12,9,6,1,3,7,0,
Dir8=-1,13,12,9,6,1,3,7,0,
Dir6=-1,13,12,9,6,7,3,0,1,
Dir5=-1,13,12,9,6,7,3,0,1,
Dir4=-1,13,12,9,6,7,3,0,1,
Dir3=-1,13,12,9,6,7,3,0,1,
Dir2=-1,13,12,9,6,1,3,7,0,

[骑马空手跑步]
Dir6=-1,9,6,3,7,0,13,1,12,14,
Dir5=-1,9,6,3,7,0,1,12,13,14,
Dir4=-1,9,6,3,7,0,1,12,13,14,
Dir3=-1,14,9,6,3,7,1,0,12,13,
Dir7=-1,12,9,6,3,7,1,0,14,13,
Dir1=-1,14,13,12,9,6,3,7,1,0,
Dir8=-1,14,13,12,9,6,3,7,1,0,
Dir2=-1,14,13,12,9,6,3,7,1,0,
Line1=83,13,12,9,6,3,7,14,1,0
Line2=84,13,12,9,6,3,7,14,1,0
Line3=17,14,13,9,6,3,7,12,1,0
Line4=18,14,13,9,6,3,7,12,1,0

[骑马单手跑步]
Dir7=-1,12,9,6,3,7,1,0,13,14,
Dir6=-1,9,6,3,7,0,1,12,13,14,
Dir5=-1,9,6,3,7,0,1,12,13,14,
Dir4=-1,9,6,7,3,0,1,12,13,14,
Dir3=-1,14,9,6,7,3,1,0,12,13,
Dir1=-1,14,13,12,9,6,3,7,1,0,
Dir8=-1,13,12,14,9,6,3,7,1,0,
Dir2=-1,14,13,7,12,9,6,3,1,0,

[骑马单手攻击]
Dir7=-1,12,9,6,7,3,1,0,13,14,
Dir6=-1,12,9,6,3,7,0,1,13,14,
Dir5=-1,9,6,3,7,0,1,12,13,14,
Dir4=-1,9,6,3,7,0,1,12,13,14,
Dir1=-1,14,13,12,9,6,1,0,3,7,
Dir8=-1,14,13,12,9,6,1,3,0,7,
Dir3=-1,14,13,9,6,7,3,1,0,12,
Dir2=-1,14,13,12,9,6,1,3,0,7,
Line1=83,13,12,9,6,1,3,14,0,7
Line2=84,13,12,9,6,1,3,14,0,7
Line3=17,14,13,9,6,1,3,0,7,12
Line4=18,14,13,9,6,1,3,0,7,12

[骑马单手待击]
Dir7=-1,12,9,6,3,7,1,0,13,14,
Dir6=-1,9,6,3,7,0,1,12,13,14,
Dir5=-1,9,6,3,7,0,1,12,13,14,
Dir4=-1,9,6,7,3,0,1,12,13,14,
Dir3=-1,14,9,6,7,3,0,1,13,12,
Dir1=-1,14,13,12,9,6,1,3,0,7,
Dir8=-1,14,13,12,9,6,1,3,0,7,
Dir2=-1,14,13,12,9,6,1,7,3,0,
Line1=38,13,12,9,6,1,3,14,0,7

[骑马单手受伤]
Dir7=-1,12,9,6,3,1,0,7,13,14,
Dir6=-1,9,6,3,7,0,1,12,13,14,
Dir5=-1,9,6,3,7,0,1,12,13,14,
Dir4=-1,9,6,3,7,0,1,12,13,14,
Dir3=-1,14,9,6,7,3,1,0,13,12,
Dir1=-1,14,13,12,9,6,1,0,3,7,
Dir8=-1,14,13,12,9,6,1,0,3,7,
Dir2=-1,14,13,12,9,6,3,7,1,0,

[骑马空手受伤]
Dir7=-1,12,9,6,3,7,1,0,13,14,
Dir6=-1,9,6,3,7,0,1,12,13,14,
Dir5=-1,9,6,3,7,0,1,12,13,14,
Dir4=-1,9,6,3,7,0,1,12,13,14,
Dir3=-1,14,9,6,3,7,1,0,13,12,
Dir1=-1,14,13,12,9,6,1,0,3,7,
Dir8=-1,14,13,12,9,6,1,0,3,7,
Dir2=-1,14,13,12,9,6,1,0,3,7,

[骑马空手待击]
Dir1=-1,14,13,12,9,6,1,3,0,7,
Dir7=-1,12,9,6,3,7,1,0,13,14,
Dir6=-1,9,6,3,7,0,1,14,12,13,
Dir5=-1,9,6,3,7,0,1,12,13,14,
Dir4=-1,9,6,3,7,0,1,14,12,13,
Dir3=-1,14,9,6,3,7,1,0,13,12,
Dir8=-1,14,13,12,9,6,1,3,0,7,
Dir2=-1,14,13,12,9,6,1,3,0,7,
Line1=38,12,13,9,6,1,3,0,7,14
Line2=8,14,13,9,6,1,3,0,7,12

[骑马空手攻击]
Dir1=-1,14,13,12,9,6,3,7,1,0,
Dir8=-1,14,13,12,9,6,3,7,1,0,
Dir2=-1,14,13,12,9,6,3,7,1,0,
Dir7=-1,13,12,9,6,3,7,1,0,14,
Dir3=-1,14,13,9,6,3,7,12,1,0,
Dir4=-1,13,9,6,3,7,0,1,12,14,
Dir5=-1,13,9,6,3,7,0,1,12,14,
Dir6=-1,13,9,6,3,7,0,1,12,14,
Line1=83,13,12,9,6,3,7,14,1,0
Line2=84,13,12,9,6,3,7,14,1,0
Line3=17,14,13,9,6,3,7,12,1,0
Line4=18,14,13,9,6,3,7,12,1,0

