¹æÔò	Éý¼¶ÊôÐÔ¹æÔò	Éý¼¶1´Î	Éý¼¶2´Î	Éý¼¶3´Î	Éý¼¶4´Î	Éý¼¶5´Î	Éý¼¶6´Î	Éý¼¶7´Î	Éý¼¶8´Î	Éý¼¶9´Î	Éý¼¶10´Î	Éý¼¶11´Î	Éý¼¶12´Î	Éý¼¶13´Î	Éý¼¶14´Î	Éý¼¶15´Î	Ãû³Æ
41	36	4	4	4	4	4	4	4	4	4	4	4	4	4	4	4	#Th¨ng cÊp lùc phßng ngù
41	45	10	10	10	12	12	12	15	15	15	18	18	18	18	18	18	#Th¨ng cÊp lùc phßng ngù
44	36	4	4	4	4	4	4	4	4	4	4	4	4	4	4	4	#Th¨ng cÊp lùc phßng ngù
44	45	10	10	10	12	12	12	15	15	15	18	18	18	18	18	18	#Th¨ng cÊp lùc phßng ngù
110	36	4	4	4	4	4	4	4	4	4	4	4	4	4	4	4	#Th¨ng cÊp lùc phßng ngù
110	45	10	10	10	12	12	12	15	15	15	18	18	18	18	18	18	#Th¨ng cÊp lùc phßng ngù
1011	36	4	4	4	4	4	4	4	4	4	4	4	4	4	4	4	#Th¨ng cÊp lùc phßng ngù
1011	45	10	10	10	12	12	12	15	15	15	18	18	18	18	18	18	#Th¨ng cÊp lùc phßng ngù
1012	45	10	10	10	12	12	12	15	15	15	18	18	18	18	18	18	#Th¨ng cÊp tinh lùc
3006	219	4	4	4	4	4	4	4	4	4	4	4	4	4	4	4	#Th¨ng cÊp lùc phßng ngù
3006	45	20	20	20	24	24	24	30	30	30	36	36	36	36	36	36	#Th¨ng cÊp lùc phßng ngù
3013	45	20	20	20	24	24	24	30	30	30	36	36	36	36	36	36	#Th¨ng cÊp tinh lùc
3015	36	4	4	4	4	4	4	4	4	4	4	4	4	4	4	4	#Th¨ng cÊp lùc phßng ngù
3015	45	12	12	12	16	16	16	25	25	25	25	25	25	25	25	25	#Th¨ng cÊp lùc phßng ngù
3016	45	12	12	12	16	16	16	25	25	25	25	25	25	25	25	25	#Th¨ng cÊp tinh lùc
