¹æÔò	Éý¼¶ÊôÐÔ¹æÔò	Éý¼¶1´Î	Éý¼¶2´Î	Éý¼¶3´Î	Éý¼¶4´Î	Éý¼¶5´Î	Éý¼¶6´Î	Éý¼¶7´Î	Éý¼¶8´Î	Éý¼¶9´Î	Éý¼¶10´Î	Éý¼¶11´Î	Éý¼¶12´Î	Éý¼¶13´Î	Éý¼¶14´Î	Éý¼¶15´Î	Ãû³Æ
67	36	4	4	4	4	4	4	4	4	4	4	4	4	4	4	4	#Th¨ng cÊp lùc phßng ngù
67	45	6	6	6	8	8	8	10	10	10	12	12	12	12	12	12	#Th¨ng cÊp lùc phßng ngù
70	36	4	4	4	4	4	4	4	4	4	4	4	4	4	4	4	#Th¨ng cÊp lùc phßng ngù
70	45	6	6	6	8	8	8	10	10	10	12	12	12	12	12	12	#Th¨ng cÊp lùc phßng ngù
124	36	4	4	4	4	4	4	4	4	4	4	4	4	4	4	4	#Th¨ng cÊp lùc phßng ngù
124	45	6	6	6	8	8	8	10	10	10	12	12	12	12	12	12	#Th¨ng cÊp lùc phßng ngù
1013	36	4	4	4	4	4	4	4	4	4	4	4	4	4	4	4	#Th¨ng cÊp lùc phßng ngù
1013	45	6	6	6	8	8	8	10	10	10	12	12	12	12	12	12	#Th¨ng cÊp lùc phßng ngù
1014	45	6	6	6	8	8	8	10	10	10	12	12	12	12	12	12	#Th¨ng cÊp tinh lùc
3007	219	4	4	4	4	4	4	4	4	4	4	4	4	4	4	4	#Th¨ng cÊp lùc phßng ngù
3007	45	12	12	12	16	16	16	20	20	20	24	24	24	24	24	24	#Th¨ng cÊp lùc phßng ngù
3014	45	12	12	12	16	16	16	20	20	20	24	24	24	24	24	24	#Th¨ng cÊp tinh lùc
3017	36	4	4	4	4	4	4	4	4	4	4	4	4	4	4	4	#Th¨ng cÊp lùc phßng ngù
3017	45	8	8	8	12	12	12	20	20	20	25	25	25	25	25	25	#Th¨ng cÊp lùc phßng ngù
3018	45	8	8	8	12	12	12	20	20	20	25	25	25	25	25	25	#Th¨ng cÊp tinh lùc
