GroupID	Prefix	RulePercent	AttrPercent_0	AttrType_0	AttrValue_0_0	AttrValue_0_1	AttrValue_0_2	AttrPercent_1	AttrType_1	AttrValue_1_0	AttrValue_1_1	AttrValue_1_2	AttrPercent_2	AttrType_2	AttrValue_2_0	AttrValue_2_1	AttrValue_2_2	AttrPercent_3	AttrType_3	AttrValue_3_0	AttrValue_3_1	AttrValue_3_2	AttrPercent_4	AttrType_4	AttrValue_4_0	AttrValue_4_1	AttrValue_4_2	AttrPercent_5	AttrType_5	AttrValue_5_0	AttrValue_5_1	AttrValue_5_2	OrgEffect	Expansibility	Expansion_13	Expansion_14	Expansion_15
1	#Linh KhÝ*	100	100	92	10	10		100	179	10	15		100	89	100	100																		0	0	0	0
2	#Linh KhÝ*	100	100	92	14	14		100	179	10	15		100	89	100	100																		0	0	0	0
3	#Linh KhÝ*	100	100	92	12	12		100	179	10	15		100	89	100	100																		0	0	0	0
4	#NghÜa KhÝ*	100	100	103	11	11		100	102	11	11		100	85	150	150		100	179	16	20													0	0	0	0
5	#NghÜa KhÝ*	100	100	103	15	15		100	102	15	15		100	85	150	150		100	179	16	20													0	0	0	0
6	#NghÜa KhÝ*	100	100	103	13	13		100	102	13	13		100	85	150	150		100	179	16	20													0	0	0	0
101	#NghÜa KhÝ*	100	100	103	15	15		100	102	15	15		100	85	50	50		100	179	6	10													0	0	0	0
102	#NghÜa KhÝ*	100	100	103	10	10		100	102	10	10		100	85	70	70		100	179	6	10													0	0	0	0
103	#NghÜa KhÝ*	100	100	103	12	12		100	102	12	12		100	85	60	60		100	179	6	10													0	0	0	0
104	#Linh KhÝ*	100	100	176	15	15		100	85	50	50		100	179	12	15																		0	0	0	0
105	#Linh KhÝ*	100	100	176	10	10		100	85	70	70		100	179	12	15																		0	0	0	0
106	#Linh KhÝ*	100	100	176	12	12		100	85	60	60		100	179	12	15																		0	0	0	0
201	#Linh KhÝ*	100	100	88	14	14		100	179	5	8		100	150	20	20																		0	0	0	0
202	#Linh KhÝ*	100	100	88	10	10		100	179	7	10		100	150	30	30																		0	0	0	0
203	#Linh KhÝ*	100	100	88	12	12		100	179	6	9		100	150	40	40																		0	0	0	0
204	#NghÜa KhÝ*	100	100	105	15	15		100	85	60	60		100	122	15	20																		0	0	0	0
205	#NghÜa KhÝ*	100	100	105	10	10		100	85	100	100		100	122	15	20																		0	0	0	0
206	#NghÜa KhÝ*	100	100	105	12	12		100	85	80	80		100	122	15	20																		0	0	0	0
301	#NghÜa KhÝ*	100	100	103	11	11		100	102	11	11		100	86	30	30		100	179	8	12													0	0	0	0
302	#NghÜa KhÝ*	100	100	103	15	15		100	102	15	15		100	86	30	30		100	179	8	12													0	0	0	0
303	#NghÜa KhÝ*	100	100	103	13	13		100	102	13	13		100	86	30	30		100	179	8	12													0	0	0	0
304	#Linh KhÝ*	100	100	176	20	20		100	85	100	100		100	124	20	30																		0	0	0	0
305	#Linh KhÝ*	100	100	176	20	20		100	85	100	100		100	124	30	40																		0	0	0	0
306	#Linh KhÝ*	100	100	176	20	20		100	85	100	100		100	124	25	35																		0	0	0	0
401	#Linh KhÝ*	100	100	88	10	10		100	92	11	11		100	179	10	15																		0	0	0	0
402	#Linh KhÝ*	100	100	88	8	8		100	92	15	15		100	179	10	15																		0	0	0	0
403	#Linh KhÝ*	100	100	88	9	9		100	92	13	13		100	179	10	15																		0	0	0	0
404	#NghÜa KhÝ*	100	100	105	20	20		100	85	150	150		100	179	12	15																		0	0	0	0
405	#NghÜa KhÝ*	100	100	105	20	20		100	85	150	150		100	179	12	15																		0	0	0	0
406	#NghÜa KhÝ*	100	100	105	20	20		100	85	150	150		100	179	12	15																		0	0	0	0
501	#Quy Nguyªn*	100	100	92	16	16		100	179	8	10		100	150	100	100																		0	0	0	0
502	#Quy Nguyªn*	100	100	92	20	20		100	179	8	10		100	150	100	100																		0	0	0	0
503	#Quy Nguyªn*	100	100	92	18	18		100	179	8	10		100	150	100	100																		0	0	0	0
504	#Phôc ma*	100	100	176	15	15		100	102	6	6		100	85	200	200		100	166	50	50													0	0	0	0
505	#Phôc ma*	100	100	176	20	20		100	102	10	10		100	85	200	200		100	166	50	50													0	0	0	0
506	#Phôc ma*	100	100	176	18	18		100	102	8	8		100	85	200	200		100	166	50	50													0	0	0	0
507	#Hµo KiÖt*	100	100	85	150	150		100	146	5	10		100	105	10	10																		0	0	0	0
508	#Hµo KiÖt*	100	100	85	150	150		100	161	10	15		100	105	15	15																		0	0	0	0
509	#Hµo KiÖt*	100	100	85	150	150		100	58	20	30		100	105	12	12																		0	0	0	0
601	#Quy Nguyªn*	100	100	105	20	20		100	86	20	20		100	179	18	20																		0	0	0	0
602	#Quy Nguyªn*	100	100	105	15	15		100	86	30	30		100	179	18	20																		0	0	0	0
603	#Quy Nguyªn*	100	100	105	18	18		100	86	25	25		100	179	18	20																		0	0	0	0
604	#Phôc ma*	100	100	103	20	20		100	105	10	10		100	121	30	50																		0	0	0	0
605	#Phôc ma*	100	100	103	15	15		100	105	10	10		100	122	40	60																		0	0	0	0
606	#Phôc ma*	100	100	103	18	18		100	105	10	10		100	126	10	20																		0	0	0	0
607	#Hµo KiÖt*	100	100	122	30	40		100	106	20	20		100	90	30	30																		0	0	0	0
608	#Hµo KiÖt*	100	100	122	25	35		100	106	25	25		100	90	40	40																		0	0	0	0
609	#Hµo KiÖt*	100	100	122	20	30		100	106	30	30		100	90	35	35																		0	0	0	0
701	#Quy Nguyªn*	100	100	88	20	20		100	179	10	13		100	166	70	70																		0	0	0	0
702	#Quy Nguyªn*	100	100	88	16	16		100	179	12	15		100	166	70	70																		0	0	0	0
703	#Quy Nguyªn*	100	100	88	18	18		100	179	11	14		100	166	70	70																		0	0	0	0
704	#Phôc ma*	100	100	103	20	20		100	102	10	10		100	179	13	18																		0	0	0	0
705	#Phôc ma*	100	100	103	15	15		100	102	10	10		100	179	17	22																		0	0	0	0
706	#Phôc ma*	100	100	103	18	18		100	102	10	10		100	179	15	20																		0	0	0	0
707	#Hµo KiÖt*	100	100	121	30	50		100	166	30	50		100	179	20	20																		0	0	0	0
708	#Hµo KiÖt*	100	100	163	15	20		100	166	30	50		100	179	20	20																		0	0	0	0
709	#Hµo KiÖt*	100	100	126	15	20		100	166	30	50		100	179	20	20																		0	0	0	0
801	#Quy Nguyªn*	100	100	105	25	25		100	85	150	150		100	122	30	40																		0	0	0	0
802	#Quy Nguyªn*	100	100	105	25	25		100	85	150	150		100	122	40	50																		0	0	0	0
803	#Quy Nguyªn*	100	100	105	25	25		100	85	150	150		100	122	35	45																		0	0	0	0
804	#Phôc ma*	100	100	176	20	20		100	115	30	30		100	86	30	30																		0	0	0	0
805	#Phôc ma*	100	100	176	20	20		100	116	30	30		100	86	30	30																		0	0	0	0
806	#Phôc ma*	100	100	176	20	20		100	115	30	30		100	86	30	30																		0	0	0	0
807	#Hµo KiÖt*	100	100	115	30	30		100	150	30	50		100	176	10	10																		0	0	0	0
808	#Hµo KiÖt*	100	100	116	30	30		100	150	30	50		100	176	15	15																		0	0	0	0
809	#Hµo KiÖt*	100	100	116	30	30		100	150	30	50		100	176	12	12																		0	0	0	0
901	#Quy Nguyªn*	100	100	88	15	15		100	92	14	14		100	114	6	6																		0	0	0	0
902	#Quy Nguyªn*	100	100	88	11	11		100	92	18	18		100	114	10	10																		0	0	0	0
903	#Quy Nguyªn*	100	100	88	13	13		100	92	16	16		100	114	8	8																		0	0	0	0
904	#Phôc ma*	100	100	105	20	20		100	106	10	10		100	179	25	30		100	150	40	50													0	0	0	0
905	#Phôc ma*	100	100	105	20	20		100	106	15	15		100	179	25	30		100	150	40	50													0	0	0	0
906	#Phôc ma*	100	100	105	20	20		100	106	20	20		100	179	25	30		100	150	40	50													0	0	0	0
907	#Hµo KiÖt*	100	100	113	20	20		100	86	30	30		100	114	10	10																		0	0	0	0
908	#Hµo KiÖt*	100	100	113	25	25		100	86	30	30		100	114	15	15																		0	0	0	0
909	#Hµo KiÖt*	100	100	113	30	30		100	86	30	30		100	114	12	12																		0	0	0	0
1001	#Ph¸ Qu©n*	100	100	113	20	20		100	115	20	20		100	126	20	20		100	182	30	30		100	146	15	15							1	1	1	2	3
1002	#Ph¸ Qu©n*	100	100	113	30	30		100	116	20	20		100	162	40	40		100	85	200	200		100	217	30	30							2	1	1	2	3
1003	#Ph¸ Qu©n*	100	100	113	40	40		100	116	20	20		100	121	50	50		100	166	150	150		100	111	10	10							3	1	1	2	3
1101	#Ph¸ Qu©n*	100	100	113	20	20		100	182	20	20		100	106	20	20		100	216	100	100		100	204	10	10		1	85	200	200		1	1	1	2	3
1102	#Ph¸ Qu©n*	100	100	113	20	20		100	182	20	20		100	106	30	30		100	212	15	15		100	204	8	8		1	85	200	200		2	1	1	2	3
1103	#Ph¸ Qu©n*	100	100	113	20	20		100	182	20	20		100	106	40	40		100	216	100	100		100	204	5	5		1	85	200	200		3	1	1	2	3
1201	#Ph¸ Qu©n*	100	100	97	50	50		100	134	15	15		100	58	50	50		100	115	20	20		100	113	20	20		1	85	200	200		1	1	1	2	3
1202	#Ph¸ Qu©n*	100	100	100	50	50		100	134	15	15		100	198	5	5		100	116	20	20		100	179	30	30		1	85	200	200		2	1	1	2	3
1203	#Ph¸ Qu©n*	100	100	98	50	50		100	134	15	15		100	116	20	20		100	115	20	20		100	203	20	20		1	85	200	200		3	1	1	2	3
1301	#Ph¸ Qu©n*	100	100	115	40	40		100	179	50	50		100	114	15	15		100	217	15	15		100	120	30	30							1	1	1	2	3
1302	#Ph¸ Qu©n*	100	100	116	40	40		100	123	50	50		100	114	25	25		100	104	20	20		100	160	15	15							2	1	1	2	3
1303	#Ph¸ Qu©n*	100	100	116	30	30		100	115	30	30		100	114	20	20		100	146	10	10		100	106	30	30							3	1	1	2	3
1401	#Ph¸ Qu©n*	100	100	204	15	15		100	85	500	500		100	179	100	100		100	146	10	10		100	216	200	200		1	85	200	200		1	1	1	2	3
1402	#Ph¸ Qu©n*	100	100	204	8	8		100	85	300	300		100	161	20	20		100	199	10	10		100	215	15	15		1	85	200	200		2	1	1	2	3
1403	#Ph¸ Qu©n*	100	100	204	10	10		100	85	300	300		100	203	20	20		100	121	150	150		100	216	100	100		1	85	200	200		3	1	1	2	3
1004	#Thiªn Tø*	100	100	179	30	30		100	102	15	15		100	113	20	20																		0	0	0	0
1005	#Thiªn Tø*	100	100	179	30	30		100	102	20	20		100	113	20	20																		0	0	0	0
1006	#Thiªn Tø*	100	100	179	30	30		100	102	18	18		100	113	20	20																		0	0	0	0
1104	#Thiªn Tø*	100	100	121	30	40		100	182	10	10		100	113	20	20																		0	0	0	0
1105	#Thiªn Tø*	100	100	122	50	60		100	182	10	10		100	113	20	20																		0	0	0	0
1106	#Thiªn Tø*	100	100	121	40	50		100	182	10	10		100	113	20	20																		0	0	0	0
1204	#Thiªn Tø*	100	100	86	30	30		100	97	20	20		100	150	50	50																		0	0	0	0
1205	#Thiªn Tø*	100	100	86	30	30		100	100	40	40		100	150	50	50																		0	0	0	0
1206	#Thiªn Tø*	100	100	86	30	30		100	98	30	30		100	150	50	50																		0	0	0	0
1304	#Thiªn Tø*	100	100	90	40	40		100	115	30	30		100	106	15	15																		0	0	0	0
1305	#Thiªn Tø*	100	100	90	40	40		100	116	30	30		100	106	15	15																		0	0	0	0
1306	#Thiªn Tø*	100	100	90	40	40		100	116	30	30		100	106	15	15																		0	0	0	0
1404	#Thiªn Tø*	100	100	103	10	10		100	85	120	120		100	114	12	12																		0	0	0	0
1405	#Thiªn Tø*	100	100	103	15	15		100	85	120	120		100	114	20	20																		0	0	0	0
1406	#Thiªn Tø*	100	100	103	12	12		100	85	120	120		100	114	16	16																		0	0	0	0
1007	#Ph¸ Qu©n*																																1	1	1	2	3
1008	#Ph¸ Qu©n*																																2	1	1	2	3
1009	#Ph¸ Qu©n*																																3	1	1	2	3
1107	#Ph¸ Qu©n*																																1	1	1	2	3
1108	#Ph¸ Qu©n*																																2	1	1	2	3
1109	#Ph¸ Qu©n*																																3	1	1	2	3
1207	#Ph¸ Qu©n*																																1	1	1	2	3
1208	#Ph¸ Qu©n*																																2	1	1	2	3
1209	#Ph¸ Qu©n*																																3	1	1	2	3
1307	#Ph¸ Qu©n*																																1	1	1	2	3
1308	#Ph¸ Qu©n*																																2	1	1	2	3
1309	#Ph¸ Qu©n*																																3	1	1	2	3
1407	#Ph¸ Qu©n*																																1	1	1	2	3
1408	#Ph¸ Qu©n*																																2	1	1	2	3
1409	#Ph¸ Qu©n*																																3	1	1	2	3
1010	#<ChiÕn> Ph¸ Qu©n*	100	100	113	20	20		100	115	20	20		100	126	20	20		100	182	30	30		100	146	15	15							4	1	4	5	6
1011	#<ChiÕn> Ph¸ Qu©n*	100	100	113	30	30		100	116	20	20		100	162	40	40		100	85	200	200		100	217	30	30							4	1	4	5	6
1012	#<ChiÕn> Ph¸ Qu©n*	100	100	113	40	40		100	116	20	20		100	121	50	50		100	166	150	150		100	111	10	10							4	1	4	5	6
1013	#<LiÖt> Ph¸ Qu©n*	100	100	113	20	20		100	115	20	20		100	126	20	20		100	182	30	30		100	146	15	15							5	1	7	8	9
1014	#<LiÖt> Ph¸ Qu©n*	100	100	113	30	30		100	116	20	20		100	162	40	40		100	85	200	200		100	217	30	30							5	1	7	8	9
1015	#<LiÖt> Ph¸ Qu©n*	100	100	113	40	40		100	116	20	20		100	121	50	50		100	166	150	150		100	111	10	10							5	1	7	8	9
1016	#<Th¸nh> Ph¸ Qu©n	100	100	113	20	20		100	115	20	20		100	126	20	20		100	182	30	30		100	146	15	15							6	1	10	11	12
1017	#<Th¸nh> Ph¸ Qu©n	100	100	113	30	30		100	116	20	20		100	162	40	40		100	85	200	200		100	217	30	30							6	1	10	11	12
1018	#<Th¸nh> Ph¸ Qu©n	100	100	113	40	40		100	116	20	20		100	121	50	50		100	166	150	150		100	111	10	10							6	1	10	11	12
1110	#<ChiÕn> Ph¸ Qu©n*	100	100	113	20	20		100	182	20	20		100	106	20	20		100	216	100	100		100	204	10	10		1	85	200	200		4	1	4	5	6
1111	#<ChiÕn> Ph¸ Qu©n*	100	100	113	20	20		100	182	20	20		100	106	30	30		100	212	15	15		100	204	8	8		1	85	200	200		4	1	4	5	6
1112	#<ChiÕn> Ph¸ Qu©n*	100	100	113	20	20		100	182	20	20		100	106	40	40		100	216	100	100		100	204	5	5		1	85	200	200		4	1	4	5	6
1113	#<LiÖt> Ph¸ Qu©n*	100	100	113	20	20		100	182	20	20		100	106	20	20		100	216	100	100		100	204	10	10		1	85	200	200		5	1	7	8	9
1114	#<LiÖt> Ph¸ Qu©n*	100	100	113	20	20		100	182	20	20		100	106	30	30		100	212	15	15		100	204	8	8		1	85	200	200		5	1	7	8	9
1115	#<LiÖt> Ph¸ Qu©n*	100	100	113	20	20		100	182	20	20		100	106	40	40		100	216	100	100		100	204	5	5		1	85	200	200		5	1	7	8	9
1116	#<Th¸nh> Ph¸ Qu©n	100	100	113	20	20		100	182	20	20		100	106	20	20		100	216	100	100		100	204	10	10		1	85	200	200		6	1	10	11	12
1117	#<Th¸nh> Ph¸ Qu©n	100	100	113	20	20		100	182	20	20		100	106	30	30		100	212	15	15		100	204	8	8		1	85	200	200		6	1	10	11	12
1118	#<Th¸nh> Ph¸ Qu©n	100	100	113	20	20		100	182	20	20		100	106	40	40		100	216	100	100		100	204	5	5		1	85	200	200		6	1	10	11	12
1210	#<ChiÕn> Ph¸ Qu©n*	100	100	97	50	50		100	134	15	15		100	58	50	50		100	115	20	20		100	113	20	20		1	85	200	200		4	1	4	5	6
1211	#<ChiÕn> Ph¸ Qu©n*	100	100	100	50	50		100	134	15	15		100	198	5	5		100	116	20	20		100	179	30	30		1	85	200	200		4	1	4	5	6
1212	#<ChiÕn> Ph¸ Qu©n*	100	100	98	50	50		100	134	15	15		100	116	20	20		100	115	20	20		100	203	20	20		1	85	200	200		4	1	4	5	6
1213	#<LiÖt> Ph¸ Qu©n*	100	100	97	50	50		100	134	15	15		100	58	50	50		100	115	20	20		100	113	20	20		1	85	200	200		5	1	7	8	9
1214	#<LiÖt> Ph¸ Qu©n*	100	100	100	50	50		100	134	15	15		100	198	5	5		100	116	20	20		100	179	30	30		1	85	200	200		5	1	7	8	9
1215	#<LiÖt> Ph¸ Qu©n*	100	100	98	50	50		100	134	15	15		100	116	20	20		100	115	20	20		100	203	20	20		1	85	200	200		5	1	7	8	9
1216	#<Th¸nh> Ph¸ Qu©n	100	100	97	50	50		100	134	15	15		100	58	50	50		100	115	20	20		100	113	20	20		1	85	200	200		6	1	10	11	12
1217	#<Th¸nh> Ph¸ Qu©n	100	100	100	50	50		100	134	15	15		100	198	5	5		100	116	20	20		100	179	30	30		1	85	200	200		6	1	10	11	12
1218	#<Th¸nh> Ph¸ Qu©n	100	100	98	50	50		100	134	15	15		100	116	20	20		100	115	20	20		100	203	20	20		1	85	200	200		6	1	10	11	12
1310	#<ChiÕn> Ph¸ Qu©n*	100	100	115	40	40		100	179	50	50		100	114	15	15		100	217	15	15		100	120	30	30							4	1	4	5	6
1311	#<ChiÕn> Ph¸ Qu©n*	100	100	116	40	40		100	123	50	50		100	114	25	25		100	104	20	20		100	160	15	15							4	1	4	5	6
1312	#<ChiÕn> Ph¸ Qu©n*	100	100	116	30	30		100	115	30	30		100	114	20	20		100	146	10	10		100	106	30	30							4	1	4	5	6
1313	#<LiÖt> Ph¸ Qu©n*	100	100	115	40	40		100	179	50	50		100	114	15	15		100	217	15	15		100	120	30	30							5	1	7	8	9
1314	#<LiÖt> Ph¸ Qu©n*	100	100	116	40	40		100	123	50	50		100	114	25	25		100	104	20	20		100	160	15	15							5	1	7	8	9
1315	#<LiÖt> Ph¸ Qu©n*	100	100	116	30	30		100	115	30	30		100	114	20	20		100	146	10	10		100	106	30	30							5	1	7	8	9
1316	#<Th¸nh> Ph¸ Qu©n	100	100	115	40	40		100	179	50	50		100	114	15	15		100	217	15	15		100	120	30	30							6	1	10	11	12
1317	#<Th¸nh> Ph¸ Qu©n	100	100	116	40	40		100	123	50	50		100	114	25	25		100	104	20	20		100	160	15	15							6	1	10	11	12
1318	#<Th¸nh> Ph¸ Qu©n	100	100	116	30	30		100	115	30	30		100	114	20	20		100	146	10	10		100	106	30	30							6	1	10	11	12
1410	#<ChiÕn> Ph¸ Qu©n*	100	100	204	15	15		100	85	500	500		100	179	100	100		100	146	10	10		100	216	200	200		1	85	200	200		4	1	4	5	6
1411	#<ChiÕn> Ph¸ Qu©n*	100	100	204	8	8		100	85	300	300		100	161	20	20		100	199	10	10		100	215	15	15		1	85	200	200		4	1	4	5	6
1412	#<ChiÕn> Ph¸ Qu©n*	100	100	204	10	10		100	85	300	300		100	203	20	20		100	121	150	150		100	216	100	100		1	85	200	200		4	1	4	5	6
1413	#<LiÖt> Ph¸ Qu©n*	100	100	204	15	15		100	85	500	500		100	179	100	100		100	146	10	10		100	216	200	200		1	85	200	200		5	1	7	8	9
1414	#<LiÖt> Ph¸ Qu©n*	100	100	204	8	8		100	85	300	300		100	161	20	20		100	199	10	10		100	215	15	15		1	85	200	200		5	1	7	8	9
1415	#<LiÖt> Ph¸ Qu©n*	100	100	204	10	10		100	85	300	300		100	203	20	20		100	121	150	150		100	216	100	100		1	85	200	200		5	1	7	8	9
1416	#<Th¸nh> Ph¸ Qu©n	100	100	204	15	15		100	85	500	500		100	179	100	100		100	146	10	10		100	216	200	200		1	85	200	200		6	1	10	11	12
1417	#<Th¸nh> Ph¸ Qu©n	100	100	204	8	8		100	85	300	300		100	161	20	20		100	199	10	10		100	215	15	15		1	85	200	200		6	1	10	11	12
1418	#<Th¸nh> Ph¸ Qu©n	100	100	204	10	10		100	85	300	300		100	203	20	20		100	121	150	150		100	216	100	100		1	85	200	200		6	1	10	11	12
1419	#Ph¸ Qu©n*	100	100	113	20	20		100	115	20	20		100	126	20	20		100	182	30	30		100	146	15	15							6	1	10	11	12
1420	#Ph¸ Qu©n*	100	100	113	30	30		100	217	30	30		100	116	20	20		100	162	40	40		100	85	200	200							6	1	10	11	12
1421	#Ph¸ Qu©n*	100	100	113	20	20		100	115	20	20		100	126	20	20		100	182	30	30		100	146	15	15							6	1	10	11	12
1422	#Ph¸ Qu©n*	100	100	204	15	15		100	85	300	300		100	179	100	100		100	146	10	10		100	216	200	200							6	1	10	11	12
1423	#Ph¸ Qu©n*	100	100	204	8	8		100	85	300	300		100	161	20	20		100	199	10	10		100	215	15	15							6	1	10	11	12
1424	#Ph¸ Qu©n*	100	100	204	10	10		100	85	300	300		100	203	20	20		100	121	150	150		100	216	100	100							6	1	10	11	12
2001	#Linh KhÝ*	100	100	92	11	11		100	179	10	15		100	89	100	100																		0	0	0	0
2004	#NghÜa KhÝ*	100	100	103	15	15		100	102	10	10		100	85	150	150		100	179	16	20													0	0	0	0
2101	#NghÜa KhÝ*	100	100	103	17	17		100	102	12	12		100	85	40	40		100	179	6	10													0	0	0	0
2104	#Linh KhÝ*	100	100	176	13	13		100	85	55	55		100	179	12	15																		0	0	0	0
2201	#Linh KhÝ*	100	100	88	13	13		100	179	6	9		100	150	35	35																		0	0	0	0
2204	#NghÜa KhÝ*	100	100	105	17	17		100	85	50	50		100	122	15	20																		0	0	0	0
2301	#NghÜa KhÝ*	100	100	103	15	15		100	102	10	10		100	86	35	35		100	179	8	12													0	0	0	0
2304	#Linh KhÝ*	100	100	176	25	25		100	85	100	100		100	124	35	45																		0	0	0	0
2401	#Linh KhÝ*	100	100	88	9	9		100	92	13	13		100	179	10	15																		0	0	0	0
2404	#NghÜa KhÝ*	100	100	105	20	20		100	85	150	150		100	179	12	15																		0	0	0	0
2501	#Quy Nguyªn*	100	100	92	18	18		100	179	8	10		100	150	100	100																		0	0	0	0
2504	#Phôc ma*	100	100	176	15	15		100	102	5	5		100	85	100	100		100	166	50	60													0	0	0	0
2507	#Hµo KiÖt*	100	100	85	150	150		100	146	5	10		100	105	5	5																		0	0	0	0
2601	#Quy Nguyªn*	100	100	105	15	15		100	86	30	30		100	179	18	20																		0	0	0	0
2604	#Phôc ma*	100	100	103	22	22		100	105	5	5		100	126	10	20																		0	0	0	0
2607	#Hµo KiÖt*	100	100	122	20	30		100	106	30	30		100	90	30	30																		0	0	0	0
2701	#Quy Nguyªn*	100	100	88	18	18		100	179	11	14		100	166	70	70																		0	0	0	0
2704	#Phôc ma*	100	100	103	22	22		100	102	10	10		100	179	12	17																		0	0	0	0
2707	#Hµo KiÖt*	100	100	126	15	20		100	166	30	50		100	179	20	20																		0	0	0	0
2801	#Quy Nguyªn*	100	100	105	25	25		100	85	150	150		100	122	35	45																		0	0	0	0
2804	#Phôc ma*	100	100	176	20	20		100	115	30	30		100	86	30	30																		0	0	0	0
2807	#Hµo KiÖt*	100	100	115	30	30		100	150	30	50		100	176	10	10																		0	0	0	0
2901	#Quy Nguyªn*	100	100	88	15	15		100	92	15	15		100	114	8	8																		0	0	0	0
2904	#Phôc ma*	100	100	105	20	20		100	106	20	20		100	179	25	30		100	150	40	50													0	0	0	0
2907	#Hµo KiÖt*	100	100	113	30	30		100	86	30	30		100	114	10	10																		0	0	0	0
3001	#Ph¸ Qu©n*	100	100	113	40	40		100	115	20	20		100	126	20	20		100	111	10	10		100	146	15	15							1	1	1	2	3
3101	#Ph¸ Qu©n*	100	100	113	20	20		100	182	20	20		100	106	40	40		100	216	130	130		100	204	8	8		1	85	200	200		1	1	1	2	3
3201	#Ph¸ Qu©n*	100	100	97	50	50		100	134	15	15		100	58	50	50		100	115	20	20		100	113	20	20		1	85	200	200		1	1	1	2	3
3301	#Ph¸ Qu©n*	100	100	115	30	30		100	150	100	100		100	114	15	15		100	217	15	15		100	104	20	20							1	1	1	2	3
3401	#Ph¸ Qu©n*	100	100	204	10	10		100	85	300	300		100	150	100	100		100	121	150	150		100	216	200	200		1	85	200	200		1	1	1	2	3
3004	#Thiªn Tø*	100	100	179	30	30		100	102	15	15		100	113	20	20																		0	0	0	0
3104	#Thiªn Tø*	100	100	121	40	50		100	182	10	10		100	113	20	20																		0	0	0	0
3204	#Thiªn Tø*	100	100	86	30	30		100	97	30	30		100	150	50	50																		0	0	0	0
3304	#Thiªn Tø*	100	100	90	40	40		100	115	30	30		100	106	15	15																		0	0	0	0
3404	#Thiªn Tø*	100	100	103	25	25		100	85	120	120		100	114	10	10																		0	0	0	0
3007	#Ph¸ Qu©n*	100	100	113	40	40		100	115	20	20		100	126	20	20		100	111	10	10		100	146	15	15							1	1	1	2	3
3107	#Ph¸ Qu©n*	100	100	113	20	20		100	182	20	20		100	106	40	40		100	216	130	130		100	204	8	8		1	85	200	200		1	1	1	2	3
3207	#Ph¸ Qu©n*	100	100	97	50	50		100	134	15	15		100	58	50	50		100	115	20	20		100	113	20	20		1	85	200	200		1	1	1	2	3
3307	#Ph¸ Qu©n*	100	100	115	30	30		100	150	100	100		100	114	15	15		100	217	15	15		100	104	20	20							1	1	1	2	3
3407	#Ph¸ Qu©n*	100	100	204	10	10		100	85	300	300		100	150	100	100		100	121	150	150		100	216	200	200		1	85	200	200		1	1	1	2	3
3010	#<ChiÕn> Ph¸ Qu©n*	100	100	113	40	40		100	115	20	20		100	126	20	20		100	111	10	10		100	146	15	15							4	1	4	5	6
3013	#<LiÖt> Ph¸ Qu©n*	100	100	113	40	40		100	115	20	20		100	126	20	20		100	111	10	10		100	146	15	15							5	1	7	8	9
3016	#<Th¸nh> Ph¸ Qu©n	100	100	113	40	40		100	115	20	20		100	126	20	20		100	111	10	10		100	146	15	15							6	1	10	11	12
3110	#<ChiÕn> Ph¸ Qu©n*	100	100	113	20	20		100	182	20	20		100	106	40	40		100	216	130	130		100	204	8	8		1	85	200	200		4	1	4	5	6
3113	#<LiÖt> Ph¸ Qu©n*	100	100	113	20	20		100	182	20	20		100	106	40	40		100	216	130	130		100	204	8	8		1	85	200	200		5	1	7	8	9
3116	#<Th¸nh> Ph¸ Qu©n	100	100	113	20	20		100	182	20	20		100	106	40	40		100	216	130	130		100	204	8	8		1	85	200	200		6	1	10	11	12
3210	#<ChiÕn> Ph¸ Qu©n*	100	100	97	50	50		100	134	15	15		100	58	50	50		100	115	20	20		100	113	20	20		1	85	200	200		4	1	4	5	6
3213	#<LiÖt> Ph¸ Qu©n*	100	100	97	50	50		100	134	15	15		100	58	50	50		100	115	20	20		100	113	20	20		1	85	200	200		5	1	7	8	9
3216	#<Th¸nh> Ph¸ Qu©n	100	100	97	50	50		100	134	15	15		100	58	50	50		100	115	20	20		100	113	20	20		1	85	200	200		6	1	10	11	12
3310	#<ChiÕn> Ph¸ Qu©n*	100	100	115	30	30		100	150	100	100		100	114	15	15		100	217	15	15		100	104	20	20							4	1	4	5	6
3313	#<LiÖt> Ph¸ Qu©n*	100	100	115	30	30		100	150	100	100		100	114	15	15		100	217	15	15		100	104	20	20							5	1	7	8	9
3316	#<Th¸nh> Ph¸ Qu©n	100	100	115	30	30		100	150	100	100		100	114	15	15		100	217	15	15		100	104	20	20							6	1	10	11	12
3410	#<ChiÕn> Ph¸ Qu©n*	100	100	204	10	10		100	85	300	300		100	150	100	100		100	121	150	150		100	216	200	200		1	85	200	200		4	1	4	5	6
3413	#<LiÖt> Ph¸ Qu©n*	100	100	204	10	10		100	85	300	300		100	150	100	100		100	121	150	150		100	216	200	200		1	85	200	200		5	1	7	8	9
3416	#<Th¸nh> Ph¸ Qu©n	100	100	204	10	10		100	85	300	300		100	150	100	100		100	121	150	150		100	216	200	200		1	85	200	200		6	1	10	11	12
