升级装备类型	等级1到2	等级2到3	等级3到4	等级4到5	等级5到6	等级6到7	等级7到8	等级8到9	等级9到10	等级10到11	等级11到12	等级12到13	等级13到14	等级14到15	等级15到16	等级16到17	等级10到18	等级10到19	等级10到20	等级10到21	等级10到22	等级10到23
meleeweapon	100	100	100	50	50	50	50	50	50	50	50	50	10	10	10	10	10	10	10	10	10	10
armor	100	100	100	50	50	50	50	50	50	50	50	50	10	10	10	10	10	10	10	10	10	10
helm	100	100	100	50	50	50	50	50	50	50	50	50	10	10	10	10	10	10	10	10	10	10
boot	100	100	100	50	50	50	50	50	50	50	50	50	10	10	10	10	10	10	10	10	10	10
belt	100	100	100	50	50	50	50	50	50	50	50	50	10	10	10	10	10	10	10	10	10	10
pendant	100	100	100	50	50	50	50	50	50	50	50	50	10	10	10	10	10	10	10	10	10	10
amulet	100	100	100	100	100	100	100	100	100	100	100	100	100	100	100	100	100	100	100	100	100	100
newamulet	100	100	100	30	30	30	15	15	15	5	5	5	5	5	5	5	5	5	5	5	5	5
signet	100	100	100	70	70	70	40	40	40	30	30	30	10	10	10	10	10	10	10	10	10	10
